91,97,17
30,17,16
53,82,16
29,22,15
18,37,15
43,25,14
51,76,14
15,11,14
0,16,14
18,55,13
46,6,13
92,87,13
33,13,13
88,59,13
82,54,13
83,32,13
70,82,13
34,33,13
76,60,13
17,98,13
70,20,13
19,2,13
59,37,13
45,23,13
58,79,13
22,86,13
21,45,13
20,46,13
12,82,12
8,1,12
65,70,12
0,7,12
65,93,12
96,72,12
67,37,12
86,15,12
71,95,12
39,0,12
92,72,12
33,55,12
10,1,12
95,25,12
23,35,12
86,54,12
86,33,12
25,70,12
76,33,12
59,64,12
90,25,12
22,21,12
85,8,12
25,93,11
67,89,11
19,15,11
50,26,11
27,23,11
40,48,11
29,76,11
3,6,11
66,27,11
63,46,11
70,50,11
59,92,11
7,21,11
68,54,11
62,97,11
27,90,11
17,5,11
56,69,11
97,38,11
34,29,11
8,59,11
36,45,11
63,11,11
0,92,11
0,8,11
59,69,11
64,51,11
9,49,11
56,1,11
69,4,11
7,82,11
34,57,11
60,56,11
35,64,11
46,64,11
34,71,11
73,61,11
94,17,11
78,80,11
90,34,11
90,59,11
27,46,11
64,95,11
16,42,11
21,66,11
56,93,11
20,12,11
86,9,11
66,46,11
45,62,11
88,52,11
39,89,11
93,45,11
56,36,11
19,6,10
97,92,10
75,40,10
0,24,10
78,91,10
55,71,10
39,36,10
93,22,10
71,59,10
22,61,10
23,17,10
17,11,10
49,12,10
25,61,10
64,92,10
29,37,10
63,55,10
58,12,10
80,93,10
53,83,10
48,80,10
28,7,10
96,61,10
86,66,10
11,15,10
9,15,10
50,85,10
89,16,10
33,60,10
18,43,10
97,30,10
63,75,10
29,25,10
89,4,10
64,90,10
27,74,10
23,4,10
81,16,10
4,55,10
57,29,10
0,49,10
72,86,10
49,89,10
20,4,10
69,88,10
92,3,10
65,85,10
75,92,10
7,5,10
52,13,10
39,91,10
3,19,10
86,68,10
22,52,10
19,10,10
54,47,10
11,88,10
28,57,10
72,64,10
17,20,10
44,33,10
74,51,10
97,18,10
40,80,10
70,96,10
75,84,10
57,42,10
86,73,10
89,10,10
93,88,10
73,0,10
74,29,10
45,18,10
76,95,10
98,92,10
62,77,10
91,14,10
95,81,10
26,58,10
90,88,10
89,49,10
42,67,10
42,1,10
11,18,10
71,37,10
36,99,10
97,15,10
94,67,10
25,97,10
35,45,10
84,37,10
28,78,10
31,59,10
4,85,9
50,15,9
77,76,9
32,11,9
6,39,9
23,8,9
2,71,9
31,5,9
79,34,9
8,52,9
81,38,9
43,93,9
83,63,9
28,66,9
4,59,9
29,36,9
7,85,9
90,75,9
49,14,9
76,17,9
84,16,9
45,51,9
20,63,9
75,68,9
94,81,9
70,80,9
14,74,9
44,0,9
36,0,9
40,83,9
61,52,9
15,46,9
55,25,9
80,84,9
45,49,9
12,90,9
75,7,9
14,13,9
40,55,9
5,3,9
17,88,9
58,67,9
78,5,9
20,25,9
21,89,9
66,35,9
11,92,9
5,32,9
75,4,9
12,62,9
62,2,9
18,82,9
42,8,9
65,87,9
81,85,9
25,53,9
11,73,9
94,82,9
97,79,9
95,21,9
33,46,9
19,35,9
91,74,9
11,53,9
84,25,9
99,26,9
49,11,9
99,11,9
59,23,9
95,28,9
7,8,9
60,21,9
7,56,9
38,42,9
44,99,9
85,50,9
4,66,9
5,84,9
10,74,9
18,47,9
32,20,9
53,7,9
13,76,9
1,28,9
90,27,9
97,87,9
56,35,9
2,64,9
97,32,9
84,47,9
91,71,9
82,22,9
88,66,9
56,99,9
39,13,9
44,69,9
75,46,9
49,44,9
77,44,9
93,74,9
32,18,9
11,61,9
40,88,9
77,50,9
53,81,9
47,77,9
45,24,9
82,66,9
24,78,9
29,91,9
84,62,9
16,84,9
49,52,9
41,92,9
5,8,9
84,68,9
75,12,9
17,24,9
59,14,9
78,19,9
72,39,9
56,2,9
29,21,9
1,20,9
21,62,9
71,32,9
31,89,9
55,34,9
35,81,9
75,63,9
66,22,9
71,90,9
77,13,9
17,55,9
91,13,9
67,7,9
86,1,9
7,83,9
45,65,9
54,19,9
88,55,9
87,64,9
83,65,9
41,80,9
93,15,9
13,87,9
62,5,9
78,73,9
93,70,9
32,62,9
79,68,9
87,93,9
95,32,9
25,73,9
86,79,9
77,4,9
31,61,9
53,2,9
63,90,9
72,9,9
85,51,9
8,68,9
60,86,9
93,42,9
8,15,9
6,85,9
97,16,9
49,67,8
94,78,8
98,75,8
98,58,8
29,9,8
9,80,8
86,25,8
44,24,8
14,40,8
45,11,8
65,46,8
97,21,8
51,9,8
34,61,8
78,70,8
14,34,8
59,13,8
34,45,8
82,37,8
64,26,8
15,64,8
92,15,8
76,98,8
60,13,8
1,81,8
18,54,8
46,80,8
16,75,8
97,70,8
79,64,8
51,0,8
0,14,8
7,96,8
99,17,8
3,57,8
38,65,8
13,70,8
74,66,8
79,43,8
30,38,8
17,84,8
26,50,8
69,19,8
28,19,8
32,94,8
30,83,8
47,91,8
74,17,8
94,68,8
45,40,8
32,21,8
46,54,8
93,46,8
76,1,8
71,96,8
32,52,8
27,91,8
23,46,8
43,3,8
48,62,8
0,23,8
35,61,8
73,83,8
66,49,8
43,66,8
49,30,8
63,73,8
24,9,8
30,88,8
46,92,8
20,68,8
73,21,8
68,23,8
89,79,8
63,76,8
0,88,8
72,19,8
65,20,8
26,63,8
10,13,8
67,2,8
22,91,8
32,49,8
37,11,8
82,49,8
2,93,8
71,85,8
98,14,8
96,49,8
51,17,8
62,98,8
12,36,8
43,34,8
50,57,8
58,78,8
32,36,8
7,13,8
9,62,8
7,33,8
23,43,8
95,77,8
76,45,8
6,72,8
5,25,8
77,6,8
82,93,8
56,81,8
93,83,8
89,26,8
35,62,8
80,40,8
91,87,8
57,74,8
18,6,8
79,17,8
20,67,8
69,65,8
72,46,8
39,15,8
16,13,8
91,95,8
91,20,8
46,79,8
75,50,8
74,80,8
21,50,8
93,62,8
67,43,8
13,39,8
46,13,8
44,30,8
71,67,8
34,65,8
67,85,8
91,30,8
15,51,8
38,92,8
85,89,8
42,29,8
87,28,8
25,55,8
50,75,8
45,47,8
88,39,8
95,99,8
21,41,8
74,13,8
20,27,8
4,53,8
43,87,8
32,42,8
57,10,8
69,20,8
73,66,8
43,31,8
97,9,8
89,64,8
31,65,8
28,25,8
3,63,8
76,67,8
14,10,8
12,84,8
56,97,8
35,14,8
56,82,8
93,77,8
29,32,8
38,27,8
15,98,8
78,46,8
61,59,8
35,46,8
8,24,8
83,75,8
10,96,8
37,4,8
9,39,8
90,2,8
10,76,8
93,35,8
0,29,8
86,17,8
43,9,8
67,55,8
76,56,8
76,85,8
75,99,8
2,90,8
44,36,8
59,17,8
8,95,8
76,39,8
6,4,8
34,5,8
22,37,8
83,11,8
73,82,8
15,59,8
96,38,8
45,13,8
64,72,8
42,4,7
0,17,7
27,7,7
69,57,7
65,6,7
14,42,7
48,39,7
41,32,7
10,5,7
31,73,7
50,24,7
67,26,7
24,5,7
62,84,7
47,44,7
3,18,7
16,28,7
46,77,7
45,80,7
27,6,7
54,7,7
54,34,7
49,72,7
59,88,7
52,28,7
86,99,7
46,93,7
98,76,7
81,33,7
63,66,7
31,87,7
50,58,7
16,16,7
42,3,7
7,50,7
9,19,7
84,11,7
42,24,7
1,14,7
29,66,7
10,14,7
34,98,7
50,31,7
99,50,7
27,42,7
52,78,7
36,38,7
29,83,7
69,76,7
82,34,7
91,22,7
2,13,7
54,17,7
11,94,7
0,99,7
86,29,7
73,42,7
9,2,7
98,81,7
79,92,7
81,65,7
41,19,7
67,96,7
33,41,7
41,43,7
81,5,7
19,45,7
2,42,7
45,99,7
24,25,7
67,47,7
52,27,7
64,80,7
31,41,7
17,54,7
77,59,7
89,36,7
50,74,7
1,18,7
34,84,7
36,72,7
60,0,7
11,93,7
17,15,7
96,84,7
40,98,7
36,52,7
62,58,7
85,81,7
44,44,7
33,66,7
42,95,7
17,67,7
71,97,7
53,21,7
57,60,7
63,15,7
37,41,7
42,47,7
56,42,7
0,63,7
68,21,7
50,72,7
2,78,7
42,91,7
77,28,7
92,23,7
4,82,7
96,21,7
2,57,7
60,48,7
83,35,7
2,28,7
16,5,7
66,95,7
92,25,7
60,24,7
46,17,7
38,46,7
83,20,7
51,41,7
67,71,7
3,5,7
42,56,7
20,5,7
98,79,7
82,10,7
68,43,7
78,9,7
8,7,7
29,49,7
11,51,7
29,62,7
74,65,7
5,29,7
6,53,7
33,35,7
89,45,7
28,53,7
16,35,7
13,83,7
24,29,7
20,22,7
46,83,7
69,89,7
15,24,7
46,73,7
80,37,7
81,4,7
50,51,7
34,82,7
13,1,7
3,27,7
12,32,7
82,70,7
16,18,7
89,5,7
85,0,7
14,61,7
76,31,7
86,7,7
1,78,7
84,91,7
77,64,7
14,3,7
95,74,7
87,18,7
76,83,7
45,52,7
35,26,7
12,31,7
33,25,7
78,93,7
76,2,7
79,31,7
67,12,7
52,87,7
50,38,7
87,13,7
75,56,7
66,60,7
67,16,7
49,29,7
24,77,7
19,23,7
1,61,7
61,67,7
3,55,7
20,62,7
2,31,7
70,47,7
4,27,7
98,13,7
13,68,7
21,11,7
52,80,7
50,94,7
85,48,7
29,98,7
39,8,7
44,95,7
89,25,7
30,87,7
39,51,7
1,93,7
13,95,7
60,35,7
13,54,7
47,92,7
64,7,7
85,73,7
25,72,7
14,30,7
52,62,7
12,6,7
5,41,7
23,44,7
55,17,7
81,92,7
54,15,7
10,25,7
16,12,7
38,70,7
3,34,7
3,84,7
62,73,7
83,74,7
98,64,7
89,34,7
67,3,7
4,12,7
31,42,7
39,5,7
11,14,7
32,15,7
64,83,7
7,17,7
45,83,7
89,24,7
74,69,7
44,29,7
23,5,7
66,89,7
92,85,7
74,39,7
15,4,7
47,9,7
53,53,7
70,58,7
86,43,7
48,8,7
19,59,7
93,44,7
87,49,7
65,96,7
52,40,6
56,8,6
59,24,6
90,31,6
70,64,6
5,1,6
31,53,6
60,92,6
78,88,6
74,22,6
81,35,6
90,72,6
52,6,6
17,63,6
82,18,6
21,9,6
42,51,6
9,79,6
22,97,6
64,93,6
53,54,6
1,96,6
59,2,6
62,87,6
30,96,6
43,28,6
96,79,6
82,36,6
57,37,6
8,37,6
41,91,6
88,18,6
6,43,6
3,59,6
24,32,6
90,33,6
18,28,6
17,51,6
39,11,6
97,49,6
94,20,6
80,5,6
58,3,6
82,53,6
49,25,6
5,5,6
7,1,6
57,85,6
98,7,6
90,1,6
35,16,6
46,33,6
62,49,6
22,27,6
41,79,6
22,31,6
72,71,6
79,84,6
20,96,6
36,75,6
23,99,6
99,95,6
69,3,6
72,37,6
29,29,6
34,88,6
78,57,6
94,49,6
55,75,6
37,5,6
12,73,6
50,27,6
8,20,6
74,43,6
46,75,6
37,14,6
20,2,6
33,80,6
3,9,6
55,3,6
48,13,6
97,20,6
17,78,6
43,74,6
21,55,6
41,21,6
6,64,6
22,36,6
98,41,6
10,19,6
88,97,6
65,25,6
79,45,6
27,79,6
85,9,6
72,16,6
13,17,6
72,0,6
43,50,6
83,94,6
84,79,6
79,52,6
16,56,6
88,80,6
22,23,6
17,47,6
39,22,6
22,48,6
41,87,6
35,67,6
60,27,6
32,93,6
30,30,6
69,58,6
41,31,6
23,67,6
63,74,6
7,49,6
70,28,6
71,21,6
18,9,6
3,65,6
27,95,6
56,92,6
37,81,6
56,96,6
2,55,6
68,20,6
43,60,6
6,23,6
6,48,6
37,16,6
13,3,6
27,24,6
76,28,6
59,4,6
39,76,6
49,88,6
80,75,6
16,65,6
69,25,6
86,80,6
44,82,6
39,54,6
7,37,6
74,24,6
66,30,6
36,94,6
4,84,6
70,51,6
15,87,6
31,66,6
56,45,6
29,8,6
53,38,6
24,83,6
96,51,6
94,24,6
67,93,6
0,10,6
30,11,6
8,3,6
73,31,6
78,3,6
97,94,6
68,94,6
40,8,6
33,71,6
60,79,6
20,66,6
6,19,6
48,87,6
36,10,6
64,48,6
51,14,6
99,15,6
83,69,6
77,56,6
24,30,6
50,37,6
4,80,6
96,82,6
57,17,6
73,41,6
77,61,6
66,24,6
21,72,6
97,83,6
44,87,6
28,47,6
65,15,6
40,41,6
68,9,6
24,73,6
27,25,6
43,82,6
38,32,6
57,54,6
61,56,6
40,19,6
43,95,6
51,20,6
21,0,6
12,18,6
7,54,6
79,91,6
75,14,6
90,38,6
99,38,6
23,68,6
99,63,6
16,19,6
70,5,6
48,93,6
66,58,6
36,36,6
14,44,6
47,11,6
51,55,6
86,3,6
10,68,6
36,14,6
23,1,6
74,47,6
12,65,6
0,93,6
63,97,6
19,65,6
5,27,6
88,6,6
81,83,6
67,98,6
57,4,6
72,87,6
55,2,6
8,6,6
24,74,6
69,54,6
27,67,6
60,16,6
94,99,6
51,26,6
64,4,6
26,95,6
87,17,6
65,5,6
76,36,6
71,63,6
79,73,6
9,71,6
50,60,6
66,34,6
44,53,6
43,77,6
84,87,6
65,12,6
26,26,6
73,74,6
58,84,6
76,4,6
70,33,6
49,27,6
0,81,6
61,8,6
25,84,6
72,89,6
48,89,6
25,87,6
7,93,6
13,52,6
14,83,6
32,92,6
47,18,6
5,49,6
30,80,6
90,99,6
98,85,6
37,59,6
15,18,6
23,89,6
78,75,6
86,83,6
77,67,6
5,7,6
49,55,6
2,7,6
73,92,6
62,83,6
28,91,6
98,20,6
98,67,6
80,23,6
38,40,6
89,85,6
6,5,6
36,89,6
58,15,6
32,19,6
78,81,6
51,62,6
81,72,6
62,32,6
47,59,6
15,44,6
90,85,6
86,26,6
94,71,6
42,60,6
81,22,6
74,3,6
44,64,6
90,20,6
29,11,6
36,61,6
32,25,6
34,62,6
12,83,6
2,35,6
87,71,6
10,78,6
99,47,6
90,29,6
62,94,6
39,18,6
93,66,6
47,53,6
61,92,6
72,84,6
76,81,6
12,46,6
2,12,6
30,44,6
13,77,6
50,12,6
89,48,6
3,16,5
16,63,5
81,53,5
38,66,5
20,65,5
62,96,5
1,54,5
56,88,5
71,69,5
53,11,5
6,27,5
1,39,5
95,37,5
98,94,5
91,10,5
75,67,5
57,67,5
68,19,5
7,90,5
37,94,5
47,20,5
73,51,5
29,15,5
38,50,5
87,52,5
70,36,5
23,62,5
71,28,5
64,55,5
97,12,5
71,82,5
89,55,5
95,17,5
30,6,5
34,8,5
83,7,5
43,69,5
21,58,5
51,12,5
80,47,5
59,60,5
65,61,5
75,83,5
57,62,5
43,97,5
11,97,5
24,47,5
18,1,5
39,83,5
25,94,5
62,64,5
91,52,5
92,46,5
8,67,5
50,68,5
48,35,5
71,51,5
72,60,5
39,81,5
37,69,5
52,82,5
41,30,5
68,42,5
8,69,5
15,57,5
94,86,5
55,51,5
19,8,5
91,41,5
11,54,5
27,89,5
28,97,5
55,57,5
41,62,5
47,31,5
65,43,5
50,17,5
4,97,5
10,93,5
9,82,5
60,85,5
37,91,5
80,29,5
10,12,5
55,19,5
61,26,5
60,53,5
9,93,5
39,24,5
28,17,5
61,49,5
87,66,5
41,12,5
4,90,5
90,3,5
14,37,5
32,68,5
93,47,5
11,23,5
4,99,5
52,67,5
1,63,5
28,0,5
81,74,5
80,27,5
85,60,5
53,45,5
84,73,5
63,9,5
89,63,5
49,98,5
46,4,5
23,11,5
92,65,5
81,80,5
41,11,5
42,90,5
16,37,5
6,30,5
95,19,5
2,38,5
36,32,5
69,94,5
63,79,5
21,21,5
62,27,5
54,30,5
65,79,5
29,52,5
44,26,5
93,58,5
74,19,5
44,14,5
66,10,5
49,53,5
37,18,5
97,72,5
23,86,5
64,98,5
41,60,5
23,54,5
93,27,5
79,98,5
59,46,5
34,24,5
16,17,5
80,10,5
2,26,5
89,57,5
34,60,5
87,44,5
51,25,5
48,88,5
41,33,5
89,97,5
51,82,5
77,19,5
63,18,5
27,35,5
29,19,5
10,33,5
85,26,5
35,96,5
26,81,5
11,63,5
81,99,5
23,28,5
38,77,5
42,55,5
71,1,5
94,0,5
66,71,5
64,43,5
19,32,5
2,65,5
28,9,5
39,70,5
47,33,5
32,12,5
34,1,5
37,70,5
18,60,5
65,11,5
44,91,5
8,19,5
33,36,5
9,67,5
6,57,5
29,39,5
88,7,5
19,11,5
24,23,5
19,95,5
28,35,5
97,59,5
95,48,5
31,36,5
58,50,5
0,51,5
41,98,5
77,26,5
1,92,5
33,16,5
17,14,5
62,54,5
79,27,5
63,41,5
48,79,5
90,6,5
36,85,5
62,41,5
75,88,5
67,13,5
56,20,5
51,73,5
60,20,5
64,53,5
51,43,5
73,54,5
31,50,5
90,96,5
57,46,5
50,63,5
90,68,5
67,9,5
96,16,5
17,29,5
78,71,5
58,89,5
69,6,5
51,30,5
29,70,5
78,45,5
81,86,5
61,62,5
62,69,5
75,77,5
91,55,5
31,55,5
42,27,5
69,0,5
87,85,5
31,68,5
81,75,5
70,24,5
36,39,5
98,47,5
31,21,5
43,76,5
48,5,5
95,76,5
42,9,5
35,1,5
3,99,5
69,30,5
94,41,5
84,66,5
81,11,5
78,28,5
81,24,5
38,80,5
4,22,5
75,59,5
99,30,5
12,63,5
66,67,5
80,36,5
56,16,5
13,89,5
75,27,5
86,48,5
53,29,5
60,46,5
56,64,5
19,21,5
37,40,5
31,81,5
38,99,5
61,38,5
31,19,5
7,45,5
42,59,5
15,13,5
28,87,5
5,78,5
77,70,5
80,63,5
87,67,5
98,66,5
13,96,5
10,75,5
11,50,5
71,12,5
4,94,5
19,71,5
70,98,5
1,59,5
35,6,5
27,30,5
27,18,5
2,81,5
8,75,5
5,67,5
72,54,5
20,30,5
65,0,5
44,12,5
44,67,5
50,84,5
58,98,5
21,26,5
5,96,5
30,9,5
98,65,5
55,5,5
14,19,5
3,80,5
62,91,5
75,60,5
6,71,5
41,39,5
60,30,5
65,16,5
73,63,5
28,24,5
57,84,5
71,24,5
71,52,5
80,99,5
5,69,5
88,77,5
15,30,5
37,87,5
99,73,5
16,81,5
88,2,5
19,12,5
3,21,5
13,7,5
23,41,5
94,62,5
49,99,5
2,98,5
13,30,5
71,3,5
54,70,5
9,21,5
4,83,5
88,54,5
24,76,5
11,7,5
35,50,5
77,38,5
10,30,5
44,28,5
93,64,5
59,1,5
26,80,5
13,38,5
73,5,5
21,90,5
15,62,5
7,36,5
69,71,5
32,55,5
28,92,5
91,88,5
93,6,5
8,72,5
27,87,5
80,12,5
75,69,5
55,35,5
58,48,5
14,67,5
45,30,5
14,21,5
65,72,5
65,36,5
37,97,5
94,88,5
18,18,5
60,62,5
98,74,5
72,58,5
90,18,5
27,41,5
71,35,5
70,19,5
46,91,5
18,48,5
40,28,5
27,3,5
99,43,5
74,18,5
1,60,5
35,91,5
58,68,5
74,93,5
58,39,5
78,18,5
76,55,5
88,38,5
50,33,5
81,20,5
64,47,5
20,0,5
47,15,5
54,3,5
75,23,5
32,7,5
96,86,5
53,88,5
31,27,5
40,23,5
58,4,5
1,43,5
63,96,5
53,35,5
20,48,5
49,54,5
66,17,5
7,7,5
98,35,5
62,30,5
91,48,5
88,14,5
63,3,5
62,53,5
91,33,5
89,40,5
92,63,5
64,88,5
47,17,5
83,43,5
57,11,5
72,30,5
46,59,5
51,18,5
42,66,5
21,29,5
31,56,5
74,86,5
64,1,5
6,63,5
38,4,5
17,57,5
4,11,5
86,96,5
16,33,5
38,8,5
10,97,5
19,28,5
1,68,5
83,19,5
89,99,5
97,81,5
16,1,5
54,61,5
65,64,5
90,64,5
59,34,5
13,73,5
92,36,5
44,45,5
6,29,5
81,36,5
93,71,5
78,79,5
57,26,5
26,16,5
96,88,5
98,42,5
63,60,5
85,23,5
81,19,5
51,90,5
55,86,5
53,76,5
53,92,5
74,21,5
94,42,5
7,41,5
51,66,5
95,90,5
26,99,5
53,0,5
72,34,5
7,2,5
14,22,5
86,16,5
13,86,5
69,27,5
20,34,5
9,56,5
35,79,5
92,50,5
94,54,5
33,27,5
87,97,5
26,39,5
33,22,5
57,95,5
76,65,4
22,72,4
42,40,4
36,77,4
51,35,4
74,40,4
3,47,4
99,76,4
56,52,4
34,0,4
53,41,4
23,80,4
68,99,4
85,27,4
22,85,4
8,73,4
54,56,4
32,13,4
96,2,4
14,98,4
73,39,4
3,72,4
84,24,4
80,51,4
18,74,4
32,89,4
56,79,4
59,31,4
25,0,4
45,70,4
69,85,4
1,87,4
34,79,4
45,89,4
56,21,4
18,16,4
55,91,4
62,86,4
14,48,4
17,80,4
33,7,4
56,58,4
39,66,4
75,93,4
3,32,4
89,94,4
28,48,4
49,91,4
34,36,4
77,68,4
67,10,4
69,24,4
10,81,4
89,98,4
42,86,4
90,23,4
29,71,4
30,58,4
88,87,4
2,45,4
52,44,4
51,27,4
84,52,4
22,13,4
50,22,4
83,9,4
69,45,4
96,35,4
70,66,4
55,29,4
68,15,4
76,87,4
90,15,4
62,61,4
72,45,4
2,94,4
47,81,4
27,2,4
27,75,4
38,34,4
98,37,4
4,78,4
89,9,4
56,6,4
66,99,4
88,4,4
29,46,4
3,12,4
35,72,4
75,71,4
70,69,4
15,78,4
74,82,4
38,85,4
0,74,4
95,92,4
48,72,4
4,89,4
52,90,4
84,75,4
70,63,4
26,96,4
77,16,4
79,42,4
78,76,4
80,14,4
98,93,4
69,32,4
2,83,4
81,82,4
31,77,4
76,59,4
92,5,4
15,12,4
76,3,4
15,74,4
68,98,4
11,20,4
3,71,4
86,75,4
47,74,4
81,37,4
15,80,4
39,58,4
69,14,4
59,45,4
95,94,4
97,25,4
20,21,4
50,59,4
68,49,4
65,76,4
67,0,4
36,30,4
64,21,4
5,13,4
64,34,4
27,19,4
69,35,4
41,23,4
91,45,4
14,91,4
27,8,4
93,9,4
6,84,4
84,0,4
70,39,4
95,96,4
93,84,4
5,87,4
36,88,4
2,5,4
26,4,4
13,4,4
15,71,4
3,61,4
50,88,4
72,57,4
53,5,4
24,27,4
5,6,4
93,4,4
4,3,4
26,97,4
14,93,4
53,20,4
78,0,4
96,28,4
9,43,4
58,20,4
12,42,4
54,45,4
17,87,4
20,41,4
70,85,4
90,37,4
54,66,4
38,76,4
54,91,4
78,43,4
76,54,4
23,9,4
74,41,4
57,19,4
99,13,4
30,93,4
95,7,4
85,65,4
83,52,4
34,30,4
65,37,4
70,99,4
63,57,4
40,43,4
47,34,4
77,29,4
78,26,4
43,16,4
4,63,4
7,60,4
23,48,4
29,87,4
96,93,4
65,23,4
54,4,4
48,76,4
31,78,4
79,79,4
81,21,4
76,69,4
14,87,4
17,21,4
26,60,4
52,7,4
52,84,4
8,50,4
48,38,4
8,61,4
35,89,4
40,50,4
30,22,4
22,69,4
67,32,4
1,37,4
50,19,4
19,72,4
88,34,4
96,50,4
14,17,4
4,64,4
60,89,4
84,53,4
62,8,4
74,56,4
55,48,4
73,95,4
15,6,4
5,33,4
8,99,4
60,78,4
98,43,4
66,57,4
40,21,4
56,98,4
30,36,4
91,53,4
58,31,4
38,86,4
96,71,4
29,97,4
67,23,4
37,34,4
96,87,4
42,2,4
31,1,4
20,7,4
53,32,4
11,85,4
81,10,4
6,11,4
73,85,4
59,32,4
20,55,4
41,16,4
52,48,4
94,40,4
79,25,4
9,84,4
23,33,4
9,31,4
69,59,4
31,26,4
78,87,4
8,70,4
17,95,4
75,86,4
46,96,4
73,1,4
7,27,4
54,26,4
38,37,4
8,4,4
36,97,4
55,41,4
91,86,4
27,72,4
80,17,4
66,3,4
12,26,4
85,64,4
60,31,4
89,59,4
41,18,4
29,1,4
47,54,4
5,63,4
49,64,4
2,56,4
50,18,4
58,90,4
17,61,4
27,68,4
82,16,4
24,88,4
87,19,4
47,86,4
66,31,4
48,74,4
86,57,4
93,91,4
64,6,4
63,78,4
70,14,4
29,23,4
88,25,4
80,70,4
39,42,4
94,11,4
20,10,4
10,27,4
52,89,4
1,38,4
20,14,4
20,23,4
30,92,4
29,30,4
32,85,4
46,86,4
9,98,4
12,16,4
65,53,4
96,55,4
75,78,4
5,34,4
63,24,4
24,21,4
7,75,4
66,0,4
31,88,4
76,19,4
97,3,4
93,89,4
60,37,4
29,33,4
84,35,4
15,14,4
13,66,4
9,66,4
79,74,4
49,4,4
3,15,4
66,23,4
92,84,4
37,51,4
11,8,4
82,97,4
34,40,4
24,64,4
91,1,4
0,53,4
19,48,4
42,81,4
28,13,4
18,30,4
72,17,4
4,33,4
44,43,4
1,17,4
81,90,4
30,90,4
22,34,4
98,63,4
27,45,4
43,84,4
52,91,4
85,62,4
66,45,4
14,31,4
16,6,4
75,24,4
77,3,4
38,14,4
47,32,4
57,33,4
85,93,4
79,60,4
15,35,4
6,2,4
69,39,4
46,82,4
66,76,4
44,7,4
32,86,4
20,76,4
2,67,4
56,17,4
56,22,4
65,19,4
18,23,4
49,46,4
81,25,4
98,24,4
59,95,4
18,62,4
78,96,4
97,99,4
29,16,4
41,84,4
74,20,4
55,90,4
83,18,4
72,78,4
86,37,4
34,32,4
29,82,4
9,86,4
51,10,4
89,80,4
98,53,4
63,10,4
36,34,4
27,53,4
50,30,4
4,25,4
99,78,4
97,11,4
19,29,4
5,45,4
61,24,4
34,94,4
46,22,4
91,62,4
83,57,4
89,13,4
54,81,4
84,67,4
77,71,4
74,57,4
67,15,4
36,80,4
57,96,4
63,52,4
75,79,4
62,70,4
53,72,4
55,22,4
90,84,4
99,48,4
25,25,4
62,67,4
24,61,4
41,86,4
25,22,4
38,84,4
82,52,4
34,90,4
34,6,4
91,2,4
17,48,4
72,53,4
41,4,4
83,81,4
64,56,4
40,52,4
40,29,4
61,65,4
12,61,4
58,8,4
63,1,4
46,87,4
29,73,4
58,71,4
26,36,4
0,58,4
85,28,4
26,40,4
49,82,4
64,89,4
11,36,4
80,39,4
42,7,4
72,10,4
2,62,4
91,12,4
5,35,4
56,83,4
64,82,4
22,53,4
75,74,4
4,86,4
74,7,4
8,80,4
19,88,4
0,78,4
27,96,4
12,13,4
64,15,4
39,32,4
8,93,4
78,77,4
89,62,4
0,40,4
18,27,4
25,81,4
59,15,4
22,55,4
79,54,4
21,52,4
72,36,4
47,73,4
69,63,4
33,19,4
47,94,4
82,3,4
61,13,4
69,79,4
85,10,4
0,45,4
53,61,4
99,2,4
55,55,4
2,1,4
51,83,4
71,33,4
91,99,4
90,61,4
65,88,4
5,60,4
37,21,4
24,67,4
35,56,4
9,73,4
85,34,4
33,75,4
45,81,4
22,50,4
27,13,4
50,11,4
81,50,4
36,7,4
39,25,4
38,72,4
91,98,4
12,44,4
6,10,4
34,34,4
77,74,4
56,50,4
8,42,4
67,68,4
42,31,4
67,99,4
38,62,4
24,1,4
80,44,4
3,45,4
81,63,4
6,13,4
27,88,4
15,94,4
32,57,4
57,13,4
81,45,4
38,1,4
73,48,4
88,93,4
23,97,4
38,73,4
25,57,4
3,96,4
19,98,4
23,90,4
83,77,4
94,60,4
45,91,4
57,79,4
72,4,4
78,16,4
22,2,4
65,4,4
15,5,4
12,14,4
1,99,4
93,14,4
40,72,4
81,59,4
26,9,4
83,58,4
94,94,4
25,65,4
61,6,4
58,83,4
16,36,4
15,88,4
24,45,4
45,95,4
46,67,4
66,75,4
40,57,4
63,61,4
53,43,4
19,55,4
52,85,4
0,73,4
48,50,4
34,22,4
64,84,4
76,25,4
66,36,4
11,58,4
61,3,4
38,31,4
1,55,4
27,12,4
81,58,4
9,16,4
84,17,4
78,59,4
82,25,4
95,68,4
5,82,4
93,11,4
94,57,4
96,9,4
47,51,4
11,21,4
63,29,4
35,36,4
45,64,4
70,30,4
50,95,4
72,42,4
69,28,4
55,49,4
3,22,4
18,41,4
46,34,4
14,6,4
9,25,4
24,57,4
66,82,4
95,62,4
32,84,4
5,39,4
93,59,4
47,4,4
66,73,4
76,15,4
82,39,4
0,60,4
18,65,4
72,11,4
50,66,4
11,96,4
95,26,4
74,87,4
16,59,4
91,46,4
10,32,4
14,8,4
66,21,4
24,40,4
73,84,4
83,5,4
85,49,4
86,28,4
4,17,4
51,21,4
76,62,4
48,6,4
76,13,4
76,12,4
99,28,4
94,76,4
88,60,4
2,41,4
66,33,4
46,26,4
59,25,4
63,8,4
27,43,4
15,49,4
24,72,4
45,0,4
7,70,4
88,50,4
41,26,4
63,44,4
23,88,4
28,63,4
43,61,4
5,53,4
1,23,4
91,64,4
7,39,4
50,46,4
20,47,4
73,38,4
58,24,4
47,60,4
12,52,4
78,8,4
86,50,4
66,98,4
46,16,4
46,56,4
23,84,4
56,77,4
15,97,4
32,35,4
37,25,4
83,98,4
78,42,4
83,6,4
4,60,4
41,27,4
97,86,4
69,61,4
89,54,4
36,71,4
60,28,4
88,84,4
74,85,4
35,65,4
82,26,4
91,79,4
43,88,4
4,19,4
36,21,4
52,99,4
44,78,4
75,17,4
40,34,4
50,80,4
34,87,4
1,34,4
52,11,4
68,39,4
96,91,4
10,83,4
44,1,4
6,65,4
95,91,4
9,97,4
9,26,4
34,25,4
68,36,4
18,73,4
36,2,4
77,99,4
45,17,4
56,44,4
1,79,4
0,21,4
92,10,4
47,47,4
9,91,4
75,9,4
83,36,4
38,96,4
38,93,4
57,44,4
6,74,4
16,74,4
93,3,4
63,99,4
82,64,4
47,61,4
87,92,4
93,41,4
85,85,4
54,39,4
66,28,4
3,69,4
33,53,4
51,61,4
82,96,4
55,6,4
54,22,4
4,57,4
40,49,4
85,56,4
65,92,4
48,17,4
21,80,4
71,87,4
39,78,4
51,56,4
19,89,4
94,59,4
10,34,4
33,5,4
40,77,4
95,95,4
8,25,4
70,72,4
51,92,4
62,44,4
23,92,4
24,75,4
98,86,4
24,84,4
97,69,4
55,32,4
45,76,4
48,4,4
13,81,4
43,27,4
45,41,4
64,10,4
52,30,4
12,22,4
15,20,4
95,13,4
92,54,4
37,45,4
14,26,4
17,41,4
92,39,4
52,57,4
5,85,4
71,89,4
46,10,4
59,19,4
78,22,4
37,58,4
54,90,4
25,58,4
20,13,4
39,63,4
44,83,4
0,47,4
76,40,4
82,45,4
20,39,4
31,74,4
63,37,4
75,22,4
58,34,4
71,30,4
54,1,4
68,67,4
9,74,4
75,72,3
81,52,3
80,94,3
62,20,3
81,28,3
24,22,3
7,18,3
20,37,3
81,23,3
48,51,3
58,61,3
27,86,3
64,30,3
6,20,3
53,96,3
23,47,3
19,93,3
59,82,3
58,59,3
28,39,3
64,52,3
45,97,3
55,61,3
21,65,3
89,12,3
65,56,3
19,82,3
56,67,3
3,49,3
39,48,3
16,97,3
9,94,3
23,27,3
55,78,3
61,16,3
21,25,3
83,88,3
3,58,3
21,91,3
74,68,3
18,93,3
77,89,3
61,37,3
42,42,3
53,9,3
67,18,3
21,76,3
74,49,3
98,77,3
28,51,3
20,92,3
10,44,3
19,44,3
6,41,3
45,82,3
41,49,3
73,25,3
3,40,3
75,2,3
6,40,3
86,65,3
56,4,3
11,10,3
69,51,3
71,0,3
71,78,3
35,47,3
61,81,3
10,26,3
63,32,3
18,88,3
5,89,3
11,11,3
82,92,3
44,94,3
91,67,3
86,95,3
98,1,3
87,76,3
72,69,3
19,13,3
15,48,3
99,82,3
2,80,3
26,73,3
4,43,3
83,71,3
23,18,3
14,14,3
48,28,3
57,53,3
39,21,3
42,17,3
30,3,3
17,97,3
13,49,3
26,70,3
80,54,3
31,11,3
38,51,3
47,83,3
40,87,3
29,44,3
42,54,3
42,41,3
50,55,3
97,64,3
88,63,3
77,24,3
41,36,3
54,68,3
71,44,3
79,72,3
0,1,3
48,22,3
87,21,3
86,44,3
68,78,3
45,34,3
4,39,3
72,7,3
87,56,3
27,9,3
91,47,3
80,71,3
3,17,3
58,69,3
11,41,3
24,89,3
14,71,3
44,96,3
41,83,3
76,52,3
73,98,3
25,7,3
25,89,3
85,94,3
89,56,3
47,7,3
95,46,3
31,92,3
30,24,3
93,63,3
73,23,3
57,87,3
89,46,3
83,97,3
22,64,3
32,9,3
73,28,3
16,91,3
12,27,3
73,20,3
70,93,3
9,99,3
51,77,3
88,41,3
25,41,3
59,76,3
26,15,3
34,43,3
1,66,3
9,23,3
55,81,3
32,31,3
31,91,3
69,96,3
56,75,3
90,67,3
19,85,3
82,60,3
15,77,3
57,58,3
40,70,3
88,35,3
59,85,3
67,6,3
48,45,3
96,34,3
45,16,3
32,69,3
14,1,3
19,97,3
19,50,3
5,93,3
51,3,3
49,79,3
32,33,3
64,73,3
84,49,3
81,3,3
6,88,3
5,72,3
19,9,3
16,80,3
89,53,3
3,98,3
9,48,3
51,24,3
58,60,3
50,41,3
84,89,3
86,81,3
59,80,3
68,81,3
40,18,3
53,97,3
68,89,3
7,63,3
40,36,3
50,2,3
7,3,3
38,75,3
95,42,3
88,40,3
6,42,3
69,73,3
59,55,3
77,40,3
93,48,3
91,96,3
40,17,3
89,7,3
92,64,3
55,14,3
30,41,3
9,44,3
53,75,3
20,69,3
14,96,3
66,1,3
38,90,3
24,62,3
2,39,3
35,86,3
46,5,3
76,51,3
39,57,3
62,52,3
85,20,3
57,97,3
15,82,3
45,69,3
28,62,3
78,48,3
64,31,3
49,41,3
70,95,3
35,51,3
71,72,3
82,62,3
89,21,3
30,67,3
62,21,3
50,45,3
69,92,3
33,79,3
4,72,3
65,68,3
15,25,3
6,25,3
25,64,3
34,20,3
93,75,3
13,42,3
71,56,3
10,10,3
3,29,3
91,89,3
32,32,3
33,11,3
46,40,3
45,93,3
64,63,3
43,24,3
99,23,3
10,46,3
62,13,3
11,1,3
61,87,3
2,0,3
86,56,3
24,81,3
62,92,3
1,0,3
23,14,3
0,94,3
75,20,3
85,67,3
18,38,3
51,86,3
70,9,3
48,53,3
87,48,3
48,36,3
92,21,3
65,69,3
33,6,3
91,77,3
51,74,3
3,73,3
35,7,3
39,20,3
18,25,3
12,59,3
33,95,3
39,79,3
55,56,3
6,7,3
8,94,3
19,74,3
60,2,3
96,69,3
73,22,3
46,12,3
78,13,3
65,21,3
34,75,3
53,15,3
45,35,3
94,28,3
75,75,3
89,23,3
91,82,3
15,1,3
87,81,3
45,14,3
51,52,3
46,19,3
20,82,3
16,79,3
78,44,3
87,22,3
16,93,3
58,21,3
22,32,3
1,98,3
26,19,3
25,8,3
14,50,3
63,34,3
33,69,3
54,57,3
0,0,3
89,70,3
98,78,3
48,12,3
91,35,3
63,28,3
5,54,3
96,29,3
10,17,3
36,73,3
35,11,3
46,11,3
20,53,3
97,56,3
42,69,3
94,58,3
78,72,3
37,48,3
58,26,3
74,14,3
69,67,3
79,26,3
94,90,3
64,62,3
87,74,3
47,35,3
94,33,3
91,28,3
66,96,3
43,32,3
1,24,3
82,29,3
8,81,3
72,41,3
0,31,3
53,64,3
47,71,3
28,74,3
61,36,3
56,31,3
58,10,3
98,29,3
4,6,3
28,89,3
27,27,3
68,0,3
63,14,3
98,6,3
1,21,3
15,27,3
50,73,3
80,59,3
61,27,3
55,45,3
79,39,3
61,29,3
1,62,3
99,22,3
72,33,3
86,78,3
56,19,3
42,87,3
31,33,3
49,84,3
58,40,3
54,74,3
0,67,3
13,24,3
37,78,3
86,36,3
32,56,3
62,47,3
91,63,3
8,10,3
92,32,3
6,51,3
27,81,3
39,1,3
92,88,3
56,61,3
83,34,3
67,19,3
70,37,3
7,65,3
88,82,3
66,25,3
60,65,3
68,57,3
18,11,3
5,80,3
88,36,3
6,93,3
8,96,3
19,78,3
75,61,3
54,38,3
59,29,3
45,77,3
59,91,3
40,94,3
94,27,3
31,86,3
5,46,3
95,22,3
42,30,3
83,83,3
36,3,3
75,3,3
68,14,3
47,85,3
94,16,3
14,43,3
21,95,3
22,10,3
86,76,3
20,81,3
80,49,3
21,49,3
21,60,3
50,79,3
16,4,3
69,72,3
21,77,3
51,89,3
61,63,3
61,80,3
30,69,3
17,28,3
49,10,3
89,44,3
0,57,3
73,17,3
86,84,3
74,2,3
58,6,3
9,85,3
54,85,3
92,34,3
45,61,3
92,28,3
90,43,3
51,78,3
23,73,3
78,10,3
88,95,3
60,87,3
29,81,3
62,6,3
0,98,3
3,8,3
23,95,3
13,20,3
26,54,3
67,75,3
49,96,3
92,19,3
81,77,3
14,5,3
75,48,3
46,65,3
89,61,3
39,98,3
67,21,3
7,79,3
44,74,3
63,26,3
83,96,3
54,95,3
37,24,3
43,83,3
18,12,3
73,2,3
71,76,3
48,15,3
51,88,3
51,98,3
36,40,3
72,21,3
57,93,3
50,69,3
22,35,3
18,19,3
61,84,3
12,37,3
87,59,3
1,1,3
48,61,3
83,50,3
1,11,3
17,17,3
73,10,3
24,36,3
9,54,3
41,54,3
28,32,3
98,46,3
84,48,3
28,99,3
83,15,3
94,25,3
53,37,3
89,69,3
76,11,3
52,2,3
26,11,3
56,26,3
70,49,3
22,39,3
5,88,3
45,66,3
13,46,3
87,60,3
72,83,3
0,87,3
54,20,3
77,2,3
95,41,3
34,9,3
20,75,3
95,11,3
2,14,3
78,4,3
55,77,3
98,11,3
23,79,3
94,48,3
66,39,3
4,52,3
25,67,3
68,73,3
50,52,3
46,43,3
13,93,3
31,99,3
36,84,3
34,56,3
72,27,3
21,63,3
89,37,3
25,71,3
76,80,3
38,45,3
74,62,3
21,7,3
74,60,3
28,20,3
92,38,3
55,89,3
99,56,3
79,82,3
59,42,3
12,95,3
10,11,3
1,95,3
67,63,3
71,47,3
80,87,3
12,3,3
54,16,3
33,39,3
0,59,3
27,83,3
33,86,3
75,70,3
53,33,3
88,86,3
92,22,3
49,97,3
37,9,3
35,54,3
17,86,3
84,21,3
23,2,3
40,62,3
5,76,3
3,31,3
29,59,3
59,49,3
97,51,3
29,40,3
50,4,3
5,66,3
63,43,3
93,30,3
83,78,3
72,23,3
86,74,3
16,55,3
36,24,3
63,38,3
71,68,3
84,72,3
3,28,3
10,22,3
7,55,3
76,6,3
97,97,3
51,91,3
13,72,3
87,94,3
21,71,3
60,82,3
5,71,3
98,89,3
9,7,3
82,51,3
94,77,3
57,99,3
21,93,3
55,62,3
37,56,3
29,94,3
99,21,3
1,44,3
19,26,3
16,26,3
93,23,3
33,50,3
56,34,3
42,33,3
60,66,3
34,67,3
85,16,3
20,44,3
10,21,3
84,28,3
43,59,3
43,33,3
47,10,3
11,69,3
80,98,3
2,74,3
10,6,3
69,86,3
45,53,3
97,13,3
76,47,3
29,84,3
39,86,3
25,14,3
43,7,3
1,2,3
27,63,3
68,16,3
60,39,3
82,55,3
41,66,3
40,0,3
66,5,3
17,23,3
98,82,3
65,33,3
45,57,3
49,21,3
0,97,3
77,21,3
47,6,3
22,41,3
35,53,3
53,89,3
80,0,3
7,57,3
77,65,3
74,1,3
96,33,3
12,87,3
40,44,3
81,70,3
55,63,3
20,88,3
7,67,3
90,51,3
43,38,3
60,3,3
17,42,3
72,56,3
7,6,3
82,44,3
58,47,3
88,65,3
18,40,3
88,98,3
17,35,3
12,69,3
7,26,3
79,89,3
44,92,3
51,50,3
56,55,3
77,53,3
19,19,3
21,70,3
24,26,3
92,1,3
17,82,3
70,62,3
1,48,3
4,46,3
81,41,3
97,6,3
0,95,3
16,67,3
12,17,3
98,49,3
4,31,3
97,29,3
6,56,3
23,85,3
80,11,3
46,98,3
57,8,3
93,73,3
61,21,3
61,93,3
76,91,3
6,62,3
7,88,3
19,34,3
41,42,3
79,53,3
4,24,3
71,5,3
31,95,3
5,14,3
73,36,3
53,93,3
9,72,3
86,27,3
43,85,3
43,51,3
80,50,3
31,44,3
20,1,3
75,39,3
1,31,3
73,97,3
10,69,3
2,53,3
20,64,3
10,31,3
49,40,3
4,79,3
29,67,3
92,17,3
48,19,3
10,52,3
32,24,3
66,65,3
33,45,3
32,73,3
43,29,3
93,33,3
53,85,3
53,84,3
33,74,3
52,45,3
40,5,3
95,52,3
28,14,3
1,5,3
8,28,3
54,87,3
89,81,3
93,80,3
94,83,3
85,25,3
54,53,3
65,26,3
14,60,3
40,90,3
76,92,3
63,65,3
92,27,3
97,43,3
66,47,3
72,2,3
46,49,3
50,42,3
56,0,3
80,32,3
2,46,3
90,63,3
21,34,3
8,34,3
4,26,3
21,74,3
5,17,3
11,68,3
7,95,3
25,1,3
84,58,3
32,38,3
90,93,3
11,42,3
24,3,3
25,48,3
53,26,3
34,7,3
15,58,3
88,47,3
47,14,3
16,66,3
54,32,3
73,11,3
99,70,3
62,51,3
4,67,3
49,8,3
23,87,3
29,12,3
56,71,3
74,74,3
6,96,3
96,20,3
72,52,3
82,24,3
5,98,3
72,99,3
6,24,3
56,30,3
8,49,3
41,95,3
28,42,3
63,85,3
77,83,3
49,18,3
48,81,3
14,79,3
48,52,3
7,28,3
43,4,3
90,14,3
98,18,3
5,51,3
90,19,3
11,66,3
64,59,3
30,77,3
12,33,3
71,29,3
35,8,3
92,29,3
35,34,3
13,47,3
23,64,3
5,83,3
60,71,3
93,18,3
17,64,3
29,51,3
63,64,3
40,9,3
40,39,3
4,16,3
43,92,3
19,41,3
65,47,3
97,47,3
19,52,3
54,64,3
17,7,3
40,91,3
32,26,3
10,51,3
26,72,3
90,0,3
9,35,3
56,53,3
92,6,3
43,62,3
45,43,3
15,23,3
39,28,3
23,94,3
70,12,3
75,53,3
14,16,3
70,13,3
18,13,3
26,53,3
13,35,3
60,50,3
52,92,3
10,71,3
84,64,3
16,14,3
87,25,3
54,75,3
78,17,3
39,52,3
14,38,3
59,71,3
83,17,3
15,68,3
87,90,3
36,35,3
80,26,3
10,28,3
48,3,3
92,70,3
67,66,3
5,10,3
66,53,3
24,96,3
35,87,3
53,17,3
24,58,3
73,72,3
89,33,3
59,83,3
66,20,3
97,27,3
19,87,3
7,58,3
30,43,3
53,79,3
22,0,3
80,35,3
70,22,3
52,96,3
27,44,3
20,56,3
51,71,3
69,82,3
22,24,3
14,69,3
88,53,3
8,48,3
92,4,3
9,5,3
57,49,3
85,45,3
63,49,3
77,5,3
5,26,3
38,89,3
18,78,3
19,0,3
68,68,3
76,79,3
32,78,3
29,31,3
66,26,3
75,55,3
38,88,3
31,75,3
13,27,3
1,19,3
99,14,3
0,37,3
65,73,3
65,94,3
98,51,3
19,1,3
10,43,3
26,67,3
52,95,3
32,43,3
51,47,3
24,91,3
45,19,3
84,2,3
14,64,3
63,80,3
20,80,3
29,86,3
32,71,3
87,8,3
28,96,3
8,22,3
28,98,3
57,35,3
26,71,3
18,31,3
52,58,3
19,56,3
32,87,3
6,68,3
84,33,3
66,70,3
37,68,3
49,37,3
98,55,3
98,98,3
58,97,3
82,7,3
31,17,3
16,41,3
48,83,3
23,31,3
36,69,3
30,47,3
81,73,3
14,9,3
59,74,3
95,9,3
78,34,3
16,7,3
21,82,3
73,58,3
16,61,3
13,31,3
76,48,3
61,76,3
68,83,3
28,76,3
26,75,3
69,77,3
20,15,3
73,81,3
72,73,3
97,45,3
9,88,3
38,69,3
69,1,3
76,49,3
18,53,3
40,71,3
5,18,3
77,8,3
37,53,3
78,54,3
69,26,3
4,2,3
88,85,3
73,80,3
66,74,3
76,10,3
45,1,3
68,33,3
82,17,3
50,1,3
43,42,3
96,1,3
71,60,3
99,40,3
20,57,3
56,90,3
3,70,3
61,85,3
22,66,3
84,99,3
45,88,3
45,33,3
38,67,3
0,68,3
99,24,3
35,95,3
37,17,3
42,25,3
58,95,3
86,32,3
65,29,3
97,66,3
69,15,3
98,23,3
26,2,3
25,15,3
77,57,3
78,62,3
62,72,3
11,46,3
13,43,3
31,63,3
9,36,3
7,10,3
85,66,3
47,36,3
94,47,3
54,33,3
15,42,3
19,67,3
28,83,3
96,83,3
21,75,3
46,53,3
15,84,3
84,78,3
93,95,3
1,58,3
46,36,3
46,46,3
63,6,3
54,69,3
26,35,3
59,50,3
62,63,3
12,19,3
72,96,3
2,44,3
40,33,3
42,18,3
41,50,3
37,90,3
99,12,3
4,48,3
30,8,3
56,66,3
21,94,3
2,33,3
59,87,3
94,91,3
51,97,3
89,76,3
96,80,3
42,53,3
63,47,3
58,44,3
83,95,3
97,34,3
88,37,3
80,41,3
47,24,3
66,66,3
6,15,3
69,21,3
99,16,3
58,28,3
9,12,3
2,11,3
12,49,3
56,40,3
69,68,3
55,37,3
28,26,3
32,66,3
17,99,3
89,3,3
82,21,3
71,80,3
62,38,3
88,32,3
89,91,3
77,35,3
99,67,3
97,1,3
20,42,3
6,35,3
24,35,3
98,50,3
3,77,3
2,47,3
17,66,3
39,10,3
52,10,3
92,92,3
98,61,3
97,90,3
23,0,3
50,23,3
22,74,3
99,32,3
65,27,3
38,55,3
39,27,3
17,74,3
16,34,3
87,6,3
96,77,3
71,61,3
95,66,3
78,11,3
47,82,3
14,0,3
4,93,3
13,90,3
94,12,3
73,88,3
96,31,3
32,6,3
14,70,3
82,0,3
81,66,3
73,40,3
51,59,3
25,78,3
45,94,3
38,6,3
89,52,3
87,80,3
59,61,3
51,69,3
33,14,3
46,8,3
31,96,3
70,88,3
35,59,3
53,1,3
70,26,3
99,81,3
92,18,3
18,24,3
15,60,3
62,65,3
46,27,3
62,18,3
71,23,3
37,61,3
10,72,3
57,24,3
98,3,3
40,59,3
65,82,3
59,44,3
70,57,3
33,78,3
67,35,3
58,91,3
59,98,3
45,96,3
39,39,3
84,22,3
35,78,3
32,63,3
33,2,3
11,16,3
9,45,3
26,42,3
37,49,3
48,65,3
35,0,3
87,9,3
99,33,3
10,18,3
94,21,3
12,93,3
91,61,3
47,40,3
23,45,3
64,42,3
52,21,3
17,25,3
55,7,3
79,11,3
8,91,3
65,1,3
58,93,3
38,74,3
39,72,3
87,41,3
26,46,3
98,60,3
60,44,3
33,24,3
95,85,3
70,89,3
77,72,3
4,15,3
44,34,3
39,93,3
35,55,3
54,8,3
64,32,3
77,41,3
4,92,3
74,12,3
37,22,3
48,66,3
27,71,3
20,50,3
81,76,3
53,44,3
77,39,3
57,28,3
8,57,3
85,61,3
18,3,3
87,12,3
91,57,3
6,12,3
85,53,3
60,26,3
88,20,3
81,13,3
26,51,3
13,33,3
93,98,3
93,12,3
89,92,3
26,32,3
60,74,3
0,48,3
81,15,3
10,49,3
22,75,3
40,16,3
58,85,3
8,29,3
67,82,3
12,79,3
60,10,3
94,26,3
64,78,3
9,68,3
53,10,3
25,82,3
17,18,3
64,97,3
82,94,3
25,60,3
43,2,3
42,0,3
36,86,3
42,11,3
4,44,3
80,85,3
87,86,3
62,3,3
95,63,3
20,32,3
85,54,3
35,93,3
94,39,3
76,14,3
38,22,3
87,5,3
73,47,3
30,48,3
58,80,3
55,26,3
49,94,3
57,48,3
32,96,3
70,81,3
0,65,3
14,35,3
10,0,3
34,72,3
57,92,3
29,79,3
73,73,3
60,17,3
52,41,3
88,12,3
18,98,3
56,28,3
41,47,3
69,11,3
83,4,3
4,10,3
82,47,3
70,34,3
89,84,3
39,33,3
39,2,3
85,31,3
14,41,3
15,86,3
36,57,3
6,87,3
98,15,3
41,28,3
54,48,3
82,76,3
15,69,3
70,21,3
68,44,3
83,93,3
20,84,3
10,40,3
84,61,3
92,49,3
24,93,3
90,86,3
44,19,3
29,65,3
64,19,3
48,18,3
50,43,3
57,5,3
47,56,3
23,26,3
98,91,3
54,29,3
45,5,3
25,31,3
71,74,3
82,98,3
26,7,3
7,35,3
48,9,3
7,92,3
63,67,3
88,56,3
17,3,3
53,36,3
34,76,3
38,49,3
98,54,3
71,39,3
99,91,3
69,38,3
26,52,3
22,20,3
30,49,3
46,7,3
69,10,3
98,48,3
79,16,3
25,59,3
45,7,3
66,72,3
71,65,3
54,10,3
70,41,3
91,94,3
57,36,3
78,24,3
72,29,3
44,20,3
58,5,3
55,47,3
24,8,3
8,76,3
62,23,3
68,38,3
94,95,3
67,11,3
57,15,3
84,90,3
10,82,3
77,58,3
77,22,3
82,35,3
63,5,3
16,90,3
7,38,3
58,77,3
64,54,3
49,61,3
11,34,3
80,8,3
24,65,3
68,74,3
47,46,3
34,19,3
52,61,3
80,53,3
58,46,3
44,93,3
11,75,3
50,7,3
6,0,3
17,93,3
30,34,3
89,65,3
75,15,3
86,34,3
26,57,3
37,65,3
30,19,3
76,34,3
63,92,3
12,9,3
64,41,3
22,82,3
39,26,3
53,98,3
64,71,3
0,83,3
68,92,3
29,18,3
66,94,3
22,19,3
87,68,3
64,5,3
26,92,3
71,11,3
37,8,3
18,77,3
32,1,3
43,79,3
2,96,3
49,58,3
46,30,3
27,85,3
20,9,3
79,13,3
9,53,3
50,34,3
39,29,3
25,16,3
51,65,3
33,43,3
89,6,3
14,68,3
88,99,3
36,50,3
72,18,3
12,81,3
47,89,3
0,52,3
79,5,3
28,11,3
92,13,3
68,72,3
29,58,3
28,77,3
73,13,3
79,70,3
76,74,3
74,72,3
67,1,3
32,58,3
65,17,3
99,66,3
74,9,3
12,5,3
19,20,3
64,91,3
85,42,3
33,54,3
16,86,3
50,91,3
79,38,3
91,85,3
95,3,3
1,12,3
20,94,3
79,4,3
86,20,3
23,32,3
51,40,3
55,50,3
47,75,3
95,45,3
3,36,3
70,70,3
64,29,3
57,73,3
89,66,3
59,22,3
45,2,3
15,19,3
18,64,3
32,75,3
60,33,3
45,20,3
76,63,3
30,94,3
7,34,3
76,18,3
31,72,3
12,56,3
7,97,3
28,61,3
13,94,3
52,88,3
51,44,3
43,45,3
3,54,3
74,58,3
65,58,3
95,49,3
1,85,3
63,33,3
49,60,3
90,54,3
75,13,3
59,21,3
27,11,3
53,90,3
51,87,3
9,17,3
97,48,3
25,90,3
8,18,3
76,22,3
92,61,3
90,55,3
55,59,3
89,29,3
94,38,3
89,42,3
69,29,3
23,25,3
73,24,3
42,49,3
40,38,3
20,24,3
22,33,3
86,51,3
18,91,3
22,84,3
34,64,3
21,69,3
78,31,3
37,89,3
63,7,3
63,70,3
10,86,3
67,17,3
87,33,3
49,77,3
21,88,3
53,25,3
22,12,3
37,82,3
11,87,3
79,21,3
11,91,3
14,92,3
36,62,3
37,23,3
15,21,3
99,84,3
62,93,3
32,16,3
32,2,3
68,24,3
16,73,3
51,80,3
84,20,3
93,40,3
42,16,3
28,16,3
59,6,3
99,27,3
59,96,3
78,89,3
14,90,3
96,10,3
18,72,3
59,36,3
39,12,3
12,35,3
35,69,3
47,70,3
32,83,3
41,8,3
55,13,3
72,85,3
91,59,3
99,55,3
42,97,3
64,69,3
42,99,3
95,78,3
95,65,3
7,11,3
54,55,3
77,0,3
73,75,3
80,81,3
90,10,3
58,53,3
15,90,3
50,20,3
75,28,3
29,45,3
16,24,3
27,39,3
61,48,3
56,70,3
73,19,3
15,16,3
66,81,3
85,97,3
82,74,3
67,90,3
22,29,3
42,20,3
44,51,3
99,74,3
39,30,3
2,68,3
28,55,3
80,22,3
19,68,3
32,29,3
50,99,3
66,37,3
13,44,3
94,97,3
20,16,3
10,64,3
75,33,3
71,40,3
30,70,3
34,23,3
11,31,3
56,57,3
45,86,3
98,5,3
74,75,3
11,40,3
41,20,3
61,7,3
92,66,3
84,30,3
79,49,3
68,7,3
32,40,3
80,42,3
40,64,3
14,55,3
74,88,3
92,62,3
90,36,3
92,41,3
92,73,3
77,46,3
96,53,3
80,9,3
8,0,3
40,75,3
64,20,3
59,26,3
9,4,3
20,31,3
30,74,3
34,91,2
66,6,2
44,38,2
48,29,2
91,43,2
94,5,2
97,2,2
73,43,2
58,87,2
9,78,2
90,46,2
54,97,2
5,24,2
11,32,2
42,26,2
48,73,2
38,2,2
56,56,2
11,78,2
18,17,2
89,31,2
99,94,2
94,32,2
89,28,2
20,97,2
6,6,2
2,86,2
19,96,2
82,88,2
39,37,2
81,14,2
22,80,2
80,72,2
10,99,2
27,92,2
18,42,2
61,77,2
16,96,2
20,99,2
68,66,2
85,71,2
21,59,2
1,80,2
99,77,2
4,49,2
64,23,2
41,78,2
37,15,2
41,57,2
47,25,2
31,82,2
75,26,2
1,74,2
84,88,2
18,94,2
28,79,2
5,47,2
90,42,2
27,47,2
25,62,2
40,3,2
15,63,2
5,57,2
2,59,2
92,69,2
12,10,2
6,36,2
71,64,2
65,35,2
58,88,2
30,72,2
24,85,2
6,38,2
90,21,2
30,63,2
76,50,2
61,35,2
89,38,2
68,69,2
93,90,2
14,2,2
14,84,2
31,80,2
15,39,2
39,97,2
43,5,2
78,27,2
88,91,2
92,40,2
34,81,2
7,0,2
38,35,2
47,65,2
56,59,2
16,45,2
85,92,2
52,71,2
57,64,2
1,97,2
22,81,2
10,73,2
81,68,2
91,6,2
70,76,2
85,82,2
32,41,2
71,8,2
59,0,2
14,58,2
59,89,2
45,55,2
76,93,2
33,59,2
82,82,2
83,30,2
3,53,2
28,84,2
28,58,2
38,94,2
67,95,2
18,68,2
67,14,2
93,31,2
14,94,2
41,17,2
70,15,2
37,10,2
22,8,2
22,88,2
44,6,2
84,59,2
8,89,2
46,2,2
77,33,2
86,14,2
78,58,2
18,2,2
8,97,2
28,50,2
78,36,2
88,51,2
62,9,2
31,10,2
99,31,2
65,52,2
58,14,2
22,17,2
78,47,2
31,51,2
93,61,2
63,53,2
30,68,2
82,33,2
37,73,2
19,18,2
66,90,2
76,58,2
21,47,2
39,45,2
16,22,2
61,4,2
92,53,2
67,92,2
81,34,2
49,7,2
86,19,2
10,66,2
42,6,2
29,17,2
90,70,2
41,55,2
40,26,2
41,5,2
60,68,2
56,38,2
89,27,2
20,71,2
64,86,2
42,62,2
21,81,2
9,81,2
30,79,2
73,79,2
32,4,2
42,50,2
77,34,2
1,88,2
60,7,2
3,66,2
61,14,2
97,7,2
66,88,2
41,72,2
21,23,2
43,63,2
42,38,2
60,32,2
41,45,2
10,50,2
6,3,2
60,90,2
3,48,2
23,74,2
53,28,2
4,9,2
37,32,2
16,27,2
84,84,2
74,67,2
87,20,2
30,65,2
74,15,2
74,92,2
94,66,2
95,72,2
52,18,2
99,72,2
81,93,2
69,56,2
63,40,2
3,4,2
69,41,2
9,28,2
52,3,2
88,3,2
87,54,2
90,40,2
67,58,2
48,26,2
41,25,2
17,38,2
94,85,2
9,76,2
28,69,2
9,96,2
9,50,2
35,71,2
91,8,2
29,85,2
20,91,2
98,80,2
82,75,2
91,36,2
37,38,2
84,63,2
57,43,2
2,2,2
33,31,2
28,34,2
43,73,2
41,73,2
10,8,2
83,45,2
41,10,2
81,71,2
55,38,2
76,57,2
62,7,2
84,3,2
38,38,2
80,6,2
59,66,2
78,21,2
42,71,2
85,96,2
27,58,2
42,35,2
68,61,2
39,68,2
92,71,2
35,3,2
66,56,2
70,84,2
96,19,2
19,27,2
22,15,2
61,90,2
54,46,2
50,10,2
65,89,2
64,3,2
1,4,2
69,17,2
90,17,2
93,13,2
45,39,2
75,82,2
67,67,2
79,69,2
9,10,2
67,30,2
33,81,2
92,42,2
30,33,2
7,43,2
79,57,2
26,3,2
13,10,2
52,43,2
79,33,2
89,82,2
89,93,2
89,78,2
27,76,2
43,11,2
30,26,2
54,54,2
62,36,2
8,98,2
8,66,2
72,76,2
25,3,2
21,40,2
49,13,2
31,45,2
64,94,2
15,36,2
80,33,2
25,99,2
46,37,2
79,3,2
33,3,2
22,42,2
73,93,2
30,82,2
55,36,2
99,18,2
74,0,2
29,24,2
82,61,2
80,64,2
42,36,2
77,79,2
5,92,2
53,65,2
97,26,2
31,23,2
56,27,2
87,15,2
56,76,2
76,38,2
19,64,2
7,76,2
60,52,2
83,68,2
28,86,2
64,9,2
48,7,2
34,26,2
52,94,2
23,66,2
11,22,2
50,29,2
83,21,2
67,22,2
12,30,2
25,6,2
39,14,2
55,96,2
29,53,2
6,97,2
78,98,2
3,91,2
14,52,2
20,89,2
17,75,2
16,98,2
2,95,2
39,95,2
99,75,2
56,5,2
19,80,2
97,88,2
57,6,2
63,82,2
93,37,2
24,0,2
91,76,2
28,88,2
25,9,2
23,72,2
43,19,2
21,48,2
63,59,2
76,46,2
37,88,2
11,3,2
74,10,2
4,95,2
55,9,2
5,65,2
26,88,2
53,49,2
0,2,2
25,32,2
28,90,2
24,51,2
68,12,2
71,18,2
87,61,2
85,47,2
78,14,2
82,4,2
88,90,2
53,73,2
76,61,2
17,76,2
52,98,2
36,18,2
3,41,2
40,96,2
94,31,2
60,49,2
69,43,2
91,26,2
45,63,2
99,9,2
86,55,2
2,15,2
24,53,2
34,17,2
86,12,2
7,30,2
41,37,2
77,96,2
91,75,2
37,6,2
81,30,2
99,10,2
5,30,2
32,17,2
65,48,2
77,90,2
58,35,2
4,69,2
86,31,2
88,23,2
71,57,2
7,48,2
10,9,2
60,5,2
55,58,2
93,72,2
21,42,2
1,15,2
80,82,2
38,28,2
94,34,2
40,76,2
62,71,2
66,15,2
41,40,2
28,95,2
45,73,2
42,23,2
95,15,2
17,92,2
54,23,2
67,8,2
90,90,2
77,52,2
64,40,2
83,12,2
52,52,2
72,80,2
34,4,2
52,53,2
32,27,2
70,2,2
21,78,2
11,72,2
10,55,2
25,28,2
71,49,2
67,38,2
49,39,2
98,57,2
41,7,2
56,29,2
53,24,2
97,95,2
3,81,2
85,88,2
12,57,2
92,59,2
13,9,2
43,54,2
2,36,2
5,15,2
42,28,2
51,29,2
68,18,2
53,71,2
66,8,2
9,34,2
13,69,2
90,50,2
14,81,2
85,91,2
41,35,2
74,26,2
84,12,2
75,73,2
88,69,2
74,48,2
30,16,2
27,40,2
57,38,2
30,89,2
99,46,2
85,4,2
91,92,2
61,99,2
93,86,2
83,87,2
40,53,2
3,93,2
9,65,2
97,67,2
97,5,2
9,32,2
77,75,2
34,54,2
84,83,2
19,17,2
62,55,2
78,6,2
19,58,2
67,69,2
53,39,2
4,47,2
90,12,2
31,84,2
55,27,2
46,35,2
23,15,2
2,49,2
11,60,2
44,49,2
2,91,2
89,8,2
30,98,2
68,46,2
6,14,2
56,25,2
92,97,2
9,58,2
72,43,2
0,84,2
98,45,2
32,79,2
47,90,2
74,91,2
56,9,2
37,42,2
25,96,2
67,73,2
95,1,2
11,65,2
36,74,2
44,79,2
67,42,2
21,53,2
52,56,2
81,49,2
30,15,2
50,44,2
52,63,2
23,93,2
75,36,2
35,4,2
2,88,2
48,64,2
75,8,2
92,99,2
17,70,2
0,76,2
96,5,2
33,37,2
96,18,2
30,59,2
34,78,2
26,13,2
79,71,2
79,35,2
30,52,2
72,47,2
71,92,2
44,77,2
18,67,2
21,19,2
28,93,2
19,49,2
10,16,2
78,74,2
5,21,2
3,7,2
13,29,2
83,0,2
25,24,2
60,36,2
23,49,2
85,99,2
5,2,2
24,70,2
15,29,2
52,64,2
50,36,2
45,68,2
26,20,2
3,39,2
43,8,2
59,78,2
98,59,2
42,19,2
66,64,2
50,14,2
68,13,2
45,85,2
38,54,2
29,77,2
3,26,2
48,68,2
42,45,2
12,72,2
66,80,2
27,77,2
79,56,2
93,94,2
98,10,2
97,55,2
0,64,2
8,51,2
42,74,2
99,65,2
77,25,2
25,33,2
67,72,2
52,32,2
13,58,2
26,30,2
7,84,2
65,31,2
15,95,2
57,32,2
78,90,2
22,43,2
88,64,2
50,81,2
53,3,2
28,46,2
41,0,2
29,13,2
56,14,2
50,53,2
22,59,2
87,29,2
25,52,2
11,47,2
45,9,2
40,81,2
28,10,2
29,63,2
93,69,2
84,41,2
86,62,2
65,8,2
74,11,2
20,38,2
79,20,2
38,26,2
73,56,2
29,5,2
36,47,2
3,67,2
72,97,2
37,98,2
69,81,2
29,69,2
38,5,2
34,63,2
48,1,2
68,48,2
42,75,2
85,22,2
32,95,2
31,24,2
4,75,2
64,57,2
79,85,2
44,80,2
51,93,2
92,82,2
49,76,2
48,40,2
99,49,2
36,15,2
58,38,2
85,57,2
7,14,2
69,50,2
16,78,2
53,19,2
84,4,2
11,29,2
46,21,2
18,22,2
0,5,2
52,38,2
42,14,2
24,68,2
74,8,2
88,73,2
23,59,2
80,90,2
74,6,2
35,76,2
17,33,2
27,36,2
79,32,2
82,68,2
45,22,2
79,10,2
97,65,2
18,7,2
59,8,2
51,4,2
78,60,2
1,70,2
14,59,2
73,3,2
0,30,2
0,26,2
97,40,2
13,26,2
80,1,2
38,95,2
36,46,2
53,95,2
19,4,2
80,15,2
52,4,2
4,98,2
53,57,2
91,23,2
86,94,2
88,76,2
30,95,2
77,54,2
70,90,2
5,86,2
93,78,2
16,2,2
28,37,2
24,39,2
16,85,2
96,64,2
43,81,2
32,22,2
38,19,2
41,89,2
33,77,2
92,79,2
96,75,2
40,40,2
45,72,2
33,89,2
67,29,2
94,56,2
53,55,2
92,60,2
57,91,2
15,26,2
52,70,2
1,27,2
57,34,2
69,44,2
44,65,2
18,61,2
59,58,2
8,12,2
62,16,2
60,88,2
23,34,2
67,61,2
71,79,2
50,77,2
11,30,2
16,21,2
35,43,2
44,25,2
85,30,2
22,95,2
8,13,2
25,66,2
35,57,2
26,12,2
35,39,2
95,93,2
67,94,2
82,32,2
18,86,2
16,30,2
16,54,2
62,34,2
43,96,2
49,22,2
84,43,2
84,27,2
30,56,2
45,31,2
85,70,2
94,36,2
84,26,2
41,3,2
89,67,2
51,28,2
58,17,2
48,31,2
21,8,2
19,22,2
63,91,2
13,21,2
13,5,2
22,65,2
75,47,2
66,63,2
26,64,2
39,96,2
47,5,2
65,42,2
44,47,2
99,79,2
14,36,2
30,99,2
30,84,2
61,58,2
52,12,2
45,67,2
54,86,2
96,27,2
58,74,2
96,25,2
65,28,2
47,98,2
51,8,2
84,54,2
31,0,2
12,55,2
1,57,2
15,9,2
27,32,2
83,25,2
81,42,2
4,32,2
4,62,2
7,19,2
35,73,2
2,3,2
57,81,2
60,84,2
15,99,2
12,24,2
81,27,2
84,34,2
7,66,2
33,92,2
33,85,2
33,30,2
10,70,2
55,23,2
43,1,2
83,85,2
99,53,2
0,27,2
54,77,2
15,28,2
76,5,2
48,95,2
54,43,2
77,62,2
46,52,2
56,10,2
17,39,2
97,57,2
95,80,2
54,65,2
58,22,2
43,68,2
23,6,2
11,95,2
20,51,2
22,18,2
67,44,2
44,16,2
90,52,2
0,4,2
49,93,2
34,74,2
61,97,2
59,57,2
14,72,2
83,89,2
75,49,2
56,63,2
20,95,2
42,73,2
97,98,2
48,55,2
90,8,2
95,88,2
68,58,2
75,96,2
96,47,2
73,7,2
77,69,2
36,44,2
55,15,2
45,74,2
59,18,2
7,78,2
46,94,2
78,69,2
21,83,2
50,90,2
83,38,2
26,85,2
13,45,2
94,37,2
16,23,2
59,52,2
93,82,2
93,24,2
48,47,2
43,80,2
9,38,2
77,60,2
68,91,2
20,19,2
34,14,2
4,71,2
48,32,2
62,26,2
44,71,2
37,46,2
89,73,2
87,26,2
20,78,2
6,73,2
93,20,2
18,35,2
87,83,2
47,52,2
21,16,2
62,42,2
71,54,2
24,7,2
90,4,2
65,78,2
44,81,2
83,41,2
30,45,2
34,39,2
30,97,2
63,22,2
54,94,2
65,60,2
23,30,2
6,82,2
78,30,2
60,67,2
96,56,2
47,79,2
73,70,2
69,55,2
91,78,2
69,87,2
88,13,2
17,6,2
20,11,2
64,11,2
92,9,2
29,55,2
20,3,2
46,63,2
44,66,2
92,86,2
14,75,2
86,53,2
67,5,2
86,88,2
39,44,2
97,54,2
48,94,2
67,40,2
21,5,2
80,21,2
96,17,2
12,58,2
74,38,2
40,99,2
69,84,2
24,54,2
45,60,2
24,10,2
8,8,2
34,46,2
63,27,2
30,20,2
90,60,2
97,96,2
62,59,2
1,56,2
3,51,2
40,84,2
40,27,2
2,85,2
33,96,2
62,35,2
21,14,2
99,68,2
29,10,2
47,58,2
72,32,2
36,23,2
15,43,2
68,85,2
95,55,2
3,88,2
22,11,2
2,23,2
77,85,2
19,37,2
75,65,2
21,36,2
60,83,2
10,95,2
28,8,2
52,14,2
28,12,2
5,99,2
52,16,2
73,50,2
2,30,2
6,55,2
75,38,2
65,39,2
85,6,2
87,7,2
42,34,2
86,60,2
62,1,2
94,14,2
79,95,2
76,76,2
48,46,2
60,41,2
0,46,2
33,70,2
76,30,2
36,27,2
50,47,2
0,22,2
29,2,2
39,50,2
35,63,2
90,24,2
41,41,2
23,56,2
67,51,2
35,29,2
72,95,2
18,14,2
58,58,2
95,34,2
59,81,2
46,44,2
57,1,2
25,63,2
35,35,2
94,15,2
43,47,2
36,48,2
3,97,2
52,0,2
82,79,2
45,46,2
60,6,2
86,61,2
90,9,2
79,15,2
80,30,2
73,4,2
27,33,2
83,39,2
85,69,2
27,14,2
59,38,2
35,30,2
21,28,2
30,0,2
48,37,2
52,75,2
74,64,2
17,40,2
88,72,2
91,66,2
17,13,2
97,22,2
88,45,2
93,97,2
50,21,2
9,55,2
79,76,2
16,62,2
62,62,2
72,14,2
63,88,2
81,88,2
35,82,2
22,99,2
56,60,2
13,51,2
17,8,2
50,5,2
24,31,2
18,84,2
42,96,2
40,74,2
24,37,2
1,40,2
26,41,2
59,27,2
22,14,2
60,80,2
76,88,2
2,51,2
61,64,2
19,16,2
76,73,2
87,82,2
10,98,2
24,17,2
92,7,2
62,66,2
69,34,2
6,98,2
3,79,2
86,22,2
53,99,2
56,65,2
95,38,2
25,86,2
35,22,2
70,46,2
1,86,2
48,58,2
17,59,2
22,28,2
19,3,2
61,66,2
35,80,2
12,77,2
88,15,2
65,54,2
76,21,2
60,45,2
77,78,2
35,33,2
94,9,2
68,80,2
32,82,2
37,95,2
19,73,2
98,22,2
32,3,2
48,60,2
74,84,2
71,93,2
80,57,2
19,46,2
67,54,2
89,90,2
45,28,2
14,46,2
88,81,2
51,70,2
12,97,2
34,41,2
91,11,2
45,3,2
53,34,2
49,80,2
60,77,2
1,76,2
93,67,2
27,98,2
71,41,2
18,26,2
44,9,2
23,81,2
44,58,2
98,69,2
59,12,2
0,55,2
1,67,2
85,5,2
75,42,2
96,11,2
79,24,2
11,28,2
3,74,2
99,36,2
30,10,2
78,20,2
23,98,2
69,47,2
58,2,2
31,12,2
93,56,2
52,26,2
98,96,2
37,96,2
44,39,2
18,83,2
22,83,2
89,50,2
16,46,2
50,83,2
9,30,2
56,74,2
91,15,2
65,95,2
77,92,2
94,1,2
67,62,2
16,77,2
8,30,2
2,37,2
68,50,2
44,56,2
38,11,2
63,94,2
0,50,2
0,9,2
96,90,2
31,14,2
31,39,2
33,4,2
28,70,2
16,53,2
12,29,2
81,57,2
49,35,2
27,29,2
33,0,2
72,6,2
39,82,2
96,32,2
94,23,2
36,9,2
81,54,2
16,3,2
42,63,2
27,20,2
83,23,2
75,76,2
84,65,2
22,67,2
28,56,2
33,23,2
25,23,2
87,73,2
54,83,2
49,86,2
41,64,2
75,85,2
61,33,2
98,84,2
34,52,2
68,27,2
52,33,2
39,41,2
96,6,2
41,97,2
0,20,2
40,56,2
89,17,2
86,24,2
33,9,2
96,13,2
78,84,2
12,20,2
14,73,2
98,33,2
51,57,2
49,63,2
68,64,2
98,88,2
87,75,2
95,5,2
31,25,2
49,50,2
22,4,2
48,86,2
9,29,2
43,18,2
2,17,2
89,87,2
33,87,2
20,77,2
16,44,2
74,42,2
70,52,2
25,19,2
85,80,2
30,53,2
3,64,2
17,46,2
11,98,2
38,78,2
72,61,2
46,81,2
71,71,2
28,30,2
91,32,2
28,45,2
49,51,2
57,30,2
72,26,2
36,68,2
98,16,2
58,63,2
24,71,2
14,56,2
43,37,2
22,47,2
0,15,2
42,61,2
10,79,2
60,23,2
47,78,2
47,27,2
56,87,2
52,17,2
70,83,2
96,65,2
41,71,2
88,1,2
5,43,2
37,2,2
11,13,2
99,88,2
69,60,2
68,4,2
35,15,2
61,42,2
81,29,2
71,22,2
93,52,2
59,59,2
32,45,2
10,65,2
31,85,2
65,80,2
69,48,2
14,99,2
56,32,2
82,65,2
56,94,2
59,84,2
79,93,2
39,65,2
31,62,2
98,52,2
49,34,2
87,30,2
0,70,2
15,8,2
60,40,2
55,46,2
92,68,2
57,94,2
59,20,2
3,62,2
58,43,2
22,5,2
2,40,2
90,80,2
0,75,2
80,58,2
10,94,2
89,68,2
66,50,2
20,58,2
21,33,2
61,78,2
11,56,2
57,56,2
85,33,2
11,4,2
50,13,2
45,90,2
68,53,2
31,34,2
90,56,2
4,56,2
88,10,2
85,84,2
67,81,2
87,0,2
7,29,2
64,35,2
30,86,2
28,54,2
34,83,2
99,80,2
42,52,2
46,90,2
56,73,2
87,23,2
10,63,2
33,20,2
66,42,2
0,77,2
69,52,2
15,72,2
47,13,2
61,9,2
28,6,2
35,42,2
96,0,2
85,68,2
47,37,2
60,8,2
86,58,2
87,24,2
10,38,2
95,33,2
82,46,2
56,89,2
51,75,2
12,47,2
80,68,2
75,37,2
50,40,2
31,47,2
5,59,2
91,58,2
97,14,2
5,56,2
28,73,2
36,8,2
99,87,2
56,86,2
9,47,2
39,69,2
13,91,2
72,1,2
40,31,2
7,91,2
15,38,2
64,2,2
33,68,2
3,60,2
70,23,2
35,44,2
7,31,2
27,34,2
74,31,2
78,37,2
53,40,2
36,81,2
62,90,2
26,56,2
17,34,2
16,99,2
50,6,2
26,45,2
2,87,2
40,54,2
5,16,2
45,29,2
61,0,2
16,94,2
20,90,2
78,50,2
9,46,2
46,1,2
72,72,2
43,67,2
36,22,2
95,73,2
59,3,2
77,87,2
61,15,2
86,18,2
70,71,2
25,76,2
78,65,2
92,11,2
17,1,2
72,79,2
59,5,2
40,14,2
61,20,2
35,88,2
63,20,2
78,49,2
26,6,2
70,4,2
91,73,2
97,31,2
62,24,2
31,97,2
46,89,2
71,38,2
51,51,2
91,49,2
13,22,2
71,94,2
15,45,2
51,79,2
32,91,2
6,50,2
70,55,2
21,3,2
7,74,2
85,83,2
54,78,2
31,9,2
15,15,2
73,14,2
36,93,2
43,46,2
82,20,2
12,89,2
5,64,2
65,2,2
72,70,2
29,60,2
35,19,2
58,36,2
38,64,2
58,16,2
11,0,2
85,36,2
74,79,2
61,32,2
33,99,2
48,21,2
68,75,2
51,67,2
45,45,2
36,25,2
9,75,2
92,52,2
38,23,2
36,59,2
26,48,2
22,92,2
75,87,2
18,29,2
24,4,2
78,82,2
70,79,2
32,5,2
8,38,2
50,92,2
66,40,2
10,89,2
64,60,2
43,53,2
41,69,2
68,8,2
31,57,2
67,57,2
57,20,2
25,88,2
87,63,2
6,90,2
27,52,2
68,93,2
35,66,2
91,19,2
66,87,2
21,73,2
45,44,2
27,56,2
30,51,2
58,66,2
81,48,2
26,84,2
62,79,2
66,7,2
82,99,2
17,79,2
52,86,2
59,53,2
17,31,2
26,34,2
51,95,2
27,61,2
69,90,2
76,37,2
60,51,2
46,60,2
58,62,2
3,75,2
76,68,2
61,22,2
51,64,2
62,4,2
51,85,2
36,55,2
52,79,2
40,58,2
32,88,2
75,29,2
9,8,2
47,50,2
8,31,2
96,46,2
69,9,2
64,87,2
72,40,2
36,19,2
1,30,2
52,72,2
19,54,2
14,66,2
23,39,2
43,78,2
90,71,2
84,18,2
40,4,2
33,82,2
25,50,2
77,37,2
13,63,2
31,58,2
61,31,2
0,90,2
84,81,2
92,48,2
68,10,2
3,2,2
34,70,2
21,61,2
75,11,2
83,47,2
66,14,2
95,2,2
50,28,2
47,87,2
26,90,2
90,76,2
87,62,2
37,66,2
2,54,2
53,30,2
88,67,2
33,28,2
12,15,2
6,76,2
1,46,2
76,0,2
25,49,2
2,32,2
15,7,2
68,52,2
88,33,2
20,59,2
12,51,2
64,70,2
36,65,2
25,39,2
95,57,2
36,51,2
33,91,2
91,34,2
58,41,2
4,81,2
10,58,2
46,15,2
70,0,2
25,74,2
0,54,2
79,22,2
41,88,2
0,89,2
11,27,2
0,43,2
99,29,2
96,70,2
25,34,2
40,65,2
95,36,2
18,79,2
51,38,2
59,47,2
1,65,2
16,58,2
95,87,2
42,94,2
43,57,2
22,89,2
95,58,2
31,38,2
44,50,2
83,31,2
57,69,2
52,97,2
61,83,2
66,77,2
53,60,2
87,45,2
74,77,2
94,70,2
39,56,2
89,1,2
33,33,2
66,51,2
37,86,2
2,50,2
54,93,2
13,14,2
45,71,2
79,9,2
47,45,2
21,51,2
41,22,2
54,49,2
85,7,2
86,97,2
16,40,2
86,35,2
95,53,2
80,89,2
19,69,2
65,67,2
67,88,2
25,46,2
75,57,2
57,40,2
4,29,2
27,66,2
7,69,2
92,16,2
58,92,2
46,31,2
91,9,2
18,75,2
97,46,2
55,74,2
5,44,2
15,3,2
68,22,2
79,55,2
63,68,2
6,83,2
69,42,2
85,78,2
25,85,2
49,75,2
54,84,2
46,45,2
62,39,2
26,1,2
67,65,2
50,9,2
81,39,2
66,19,2
74,52,2
6,46,2
85,35,2
86,46,2
49,24,2
13,60,2
26,23,2
35,97,2
77,81,2
23,65,2
31,52,2
1,33,2
95,18,2
70,48,2
75,16,2
86,64,2
79,66,2
56,37,2
2,9,2
70,38,2
81,61,2
27,60,2
88,79,2
23,75,2
13,36,2
97,44,2
29,41,2
61,98,2
54,36,2
58,65,2
38,18,2
89,60,2
11,83,2
80,19,2
75,62,2
59,30,2
12,48,2
36,67,2
39,84,2
70,43,2
83,3,2
81,69,2
72,55,2
68,1,2
9,22,2
60,98,2
51,31,2
2,84,2
2,52,2
99,20,2
53,16,2
88,94,2
78,53,2
3,10,2
87,53,2
24,87,2
49,71,2
75,35,2
83,46,2
56,68,2
51,37,2
48,56,2
97,78,2
51,45,2
35,68,2
71,15,2
96,96,2
6,45,2
69,37,2
59,56,2
16,39,2
60,11,2
71,42,2
87,37,2
28,43,2
84,13,2
99,5,2
38,13,2
54,14,2
23,55,2
97,60,2
74,94,2
34,44,2
35,49,2
32,98,2
90,62,2
63,0,2
44,75,2
78,63,2
28,40,2
61,55,2
25,69,2
5,74,2
22,49,2
33,98,2
32,67,2
40,32,2
54,0,2
89,22,2
62,78,2
49,9,2
6,86,2
39,47,2
14,23,2
76,66,2
27,84,2
77,80,2
59,10,2
96,94,2
78,35,2
5,77,2
94,22,2
43,10,2
79,83,2
70,54,2
88,57,2
83,70,2
43,39,2
35,58,2
28,38,2
37,71,2
59,94,2
28,59,2
46,18,2
66,38,2
51,5,2
55,30,2
47,93,2
82,95,2
36,20,2
56,80,2
49,65,2
74,89,2
89,15,2
35,41,2
87,91,2
33,29,2
46,74,2
67,25,2
94,87,2
71,77,2
69,99,2
34,2,2
70,42,2
17,27,2
78,94,2
38,58,2
60,47,2
6,61,2
38,98,2
33,83,2
80,16,2
12,80,2
80,3,2
64,44,2
14,88,2
1,35,2
25,40,2
70,3,2
63,36,2
43,72,2
42,37,2
36,60,2
72,31,2
29,20,2
10,47,2
43,86,2
46,47,2
91,72,2
80,69,2
88,31,2
93,92,2
85,32,2
42,43,2
85,55,2
70,18,2
80,74,2
52,76,2
46,71,2
23,19,2
92,58,2
20,60,2
10,29,2
96,44,2
33,15,2
65,83,2
69,66,2
33,10,2
69,62,2
3,42,2
21,87,2
42,21,2
71,73,2
98,90,2
39,19,2
79,19,2
95,79,2
77,32,2
76,9,2
26,94,2
55,21,2
0,25,2
0,3,2
2,92,2
2,69,2
54,37,2
80,38,2
48,78,2
62,19,2
69,13,2
82,38,2
22,22,2
39,3,2
12,67,2
73,78,2
49,38,2
61,2,2
17,16,2
10,23,2
30,23,2
77,51,2
5,95,2
7,94,2
75,18,2
21,4,2
90,73,2
29,14,2
82,31,2
37,26,2
6,94,2
14,78,2
23,58,2
64,38,2
73,46,2
71,34,2
95,75,2
3,92,2
36,54,2
61,34,2
77,94,2
30,66,2
0,33,2
85,98,2
61,40,2
79,51,2
1,9,2
26,68,2
32,99,2
32,50,2
76,82,2
57,98,2
96,89,2
95,84,2
4,40,2
43,58,2
34,77,2
16,43,2
97,33,2
47,76,2
77,86,2
86,69,2
51,53,2
11,86,2
30,85,2
49,66,2
61,86,2
31,16,2
43,89,2
62,89,2
23,61,2
61,28,2
61,89,2
92,76,2
87,78,2
10,62,2
0,28,2
73,37,2
32,46,2
56,3,2
39,99,2
1,6,2
62,11,2
89,95,2
37,63,2
13,19,2
64,49,2
90,82,2
13,64,2
98,40,2
99,57,2
71,62,2
62,43,2
86,41,2
9,33,2
46,38,2
5,28,2
2,97,2
72,93,2
98,39,2
93,99,2
48,57,2
32,47,2
82,8,2
9,87,2
39,71,2
6,58,2
44,35,2
4,54,2
79,6,2
47,43,2
37,72,2
18,89,2
68,71,2
58,49,2
24,20,2
26,93,2
74,59,2
39,88,2
44,15,2
37,55,2
94,29,2
36,63,2
45,26,2
13,74,2
54,13,2
55,65,2
41,65,2
42,10,2
39,55,2
97,89,2
72,22,2
82,5,2
12,34,2
33,61,2
96,62,2
87,69,2
35,24,2
19,14,2
23,71,2
74,16,2
39,31,2
54,52,2
70,74,2
32,10,2
0,18,2
92,8,2
64,67,2
78,33,2
27,1,2
86,38,2
9,42,2
11,49,2
55,60,2
85,29,2
60,4,2
74,61,2
74,30,2
38,48,2
13,23,2
87,46,2
43,49,2
93,7,2
36,76,2
91,91,2
21,84,2
95,43,2
33,42,2
97,50,2
50,78,2
67,20,2
72,15,2
55,10,2
84,71,2
48,11,2
51,84,2
26,43,2
35,40,2
34,21,2
24,28,2
68,84,2
60,18,2
81,1,2
47,69,2
93,85,2
74,96,2
51,2,2
17,49,2
49,26,2
39,7,2
33,56,2
29,68,2
70,35,2
31,48,2
63,98,2
35,52,2
1,45,2
60,1,2
58,55,2
34,12,2
8,77,2
51,11,2
14,76,2
19,90,2
53,22,2
70,1,2
36,16,2
87,57,2
5,11,2
28,80,2
5,42,2
26,28,2
60,64,2
92,78,2
61,25,2
61,41,2
45,12,2
76,71,2
9,95,2
4,37,2
84,80,2
52,73,2
5,22,2
72,12,2
13,34,2
50,25,2
9,27,2
59,67,2
4,51,2
82,89,2
8,47,2
91,3,2
65,14,2
13,67,2
47,8,2
15,54,2
8,85,2
24,43,2
51,34,2
57,2,2
1,73,2
66,59,2
53,4,2
36,56,2
72,59,2
24,50,2
17,71,2
43,64,2
85,59,2
24,63,2
12,70,2
34,18,2
25,92,2
2,21,2
20,43,2
64,24,2
3,46,2
87,51,2
29,56,2
90,11,2
22,79,2
5,81,2
31,2,2
33,88,2
53,23,2
26,22,2
97,28,2
73,44,2
23,7,2
15,10,2
77,17,2
63,86,2
90,47,2
39,60,2
0,12,2
42,64,2
62,99,2
24,94,2
6,44,2
65,24,2
23,23,2
21,86,2
33,93,2
0,80,2
31,18,2
54,73,2
12,74,2
21,30,2
95,97,2
69,2,2
17,89,2
76,26,2
15,34,2
79,0,2
7,9,2
83,90,2
13,15,2
33,76,2
15,33,2
68,65,2
59,39,2
13,59,2
23,83,2
13,18,2
26,29,2
90,28,2
94,75,2
73,71,2
72,38,2
54,62,2
14,63,2
61,45,2
44,61,2
26,59,2
99,86,2
15,53,2
54,71,2
97,4,2
96,12,2
21,31,2
55,97,2
18,46,2
23,70,2
53,80,2
74,99,2
41,70,2
65,57,2
33,21,2
98,30,2
79,77,2
81,0,2
39,35,2
80,20,2
12,66,2
1,47,2
45,98,2
28,15,2
97,0,2
6,81,2
51,36,2
40,46,2
65,62,2
78,68,2
4,34,2
16,11,2
37,75,2
90,78,2
37,43,2
82,63,2
0,56,2
92,96,2
63,84,2
64,79,2
47,55,2
74,76,2
89,58,2
54,35,2
23,42,2
99,92,2
23,51,2
13,79,2
70,68,2
20,28,2
61,44,2
79,87,2
31,67,2
52,15,2
71,7,2
57,75,2
59,43,2
1,83,2
94,8,2
17,12,2
8,86,2
23,37,2
61,39,2
85,11,2
35,48,2
70,17,2
24,69,2
6,28,2
76,23,2
29,47,2
98,95,2
78,61,2
25,20,2
7,22,2
53,12,2
39,49,2
12,38,2
52,42,2
73,55,2
52,23,2
24,56,2
36,58,2
80,46,2
41,9,2
31,29,2
8,60,2
42,13,2
75,41,2
97,84,2
9,60,2
83,76,2
20,79,2
95,59,2
39,40,2
67,87,2
96,22,2
18,52,2
52,68,2
43,23,2
4,0,2
49,31,2
31,49,2
59,99,2
96,59,2
48,44,2
96,67,2
54,40,2
92,24,2
63,19,2
91,24,2
39,90,2
77,15,2
94,92,2
58,73,2
82,48,2
63,42,2
3,52,2
5,94,2
17,37,2
85,43,2
14,80,2
31,20,2
41,15,2
12,0,2
27,16,2
13,88,2
26,31,2
18,57,2
68,56,2
87,10,2
95,31,2
2,82,2
17,81,2
63,54,2
11,17,2
19,91,2
20,29,2
26,33,2
60,55,2
86,87,2
79,81,2
52,1,2
17,96,2
14,82,2
79,75,2
47,57,2
30,73,2
34,49,2
47,72,2
62,48,2
31,15,2
28,81,2
37,13,2
23,3,2
94,19,2
20,52,2
63,39,2
32,72,2
0,19,2
47,49,2
77,10,2
91,93,2
85,19,2
28,44,2
79,86,2
92,77,2
35,10,2
16,92,2
55,79,2
2,16,2
53,27,2
25,12,2
52,66,2
90,74,2
46,58,2
74,5,2
52,81,2
63,58,2
86,39,2
68,25,2
13,0,2
1,8,2
58,29,2
25,56,2
89,71,2
36,87,2
64,18,2
90,22,2
38,83,2
13,75,2
74,53,2
30,62,2
44,13,2
51,23,2
18,99,2
62,45,2
14,45,2
20,18,2
53,94,2
43,75,2
14,77,2
14,54,2
43,35,2
43,99,2
50,32,2
4,88,2
56,91,2
54,27,2
56,85,2
53,58,2
1,72,2
37,12,2
94,89,2
99,98,2
25,51,2
58,86,2
73,18,2
96,68,2
81,9,2
65,7,2
55,1,2
33,57,2
8,74,2
91,25,2
17,91,2
1,64,2
41,76,2
78,64,2
21,67,2
35,60,2
0,44,2
18,70,2
77,49,2
10,2,2
32,30,2
34,55,2
93,57,2
27,57,2
79,1,2
31,98,2
10,4,2
81,31,2
31,90,2
73,57,2
67,39,2
94,64,2
99,93,2
67,50,2
78,97,2
54,41,2
15,65,2
55,87,2
29,27,2
66,4,2
11,19,2
97,80,2
77,43,2
89,30,2
4,70,2
44,17,2
22,54,2
49,20,2
12,11,2
33,47,2
11,24,2
87,34,2
66,79,2
28,82,2
63,72,2
0,35,2
3,86,2
36,43,2
46,3,2
48,54,2
46,68,2
49,78,2
40,12,2
9,40,2
79,8,2
60,12,2
63,12,2
83,67,2
24,59,2
35,83,2
82,11,2
97,75,2
32,60,2
86,2,2
85,79,2
22,51,2
60,63,2
40,69,2
96,52,2
18,76,2
49,62,2
20,54,2
6,91,2
95,6,2
29,90,2
68,87,2
48,42,2
93,50,2
70,27,2
74,45,2
83,86,2
66,43,2
87,98,2
84,60,2
81,46,2
99,69,2
4,7,2
76,77,2
12,99,2
59,70,2
58,99,2
61,43,2
70,44,2
97,24,2
73,33,2
18,90,2
24,90,2
11,45,2
87,87,2
30,39,2
55,92,2
67,36,2
78,7,2
33,63,2
22,94,2
39,87,2
2,61,2
67,4,2
46,39,2
88,19,2
17,62,2
48,41,2
59,54,2
11,26,2
71,36,2
71,2,2
68,31,2
50,93,2
63,50,2
92,31,2
43,43,2
63,63,2
25,95,2
41,96,2
57,71,2
51,42,2
95,50,2
64,58,2
74,37,2
74,32,2
87,16,2
30,28,2
51,16,2
32,28,2
53,48,2
24,46,2
41,85,2
64,75,2
65,97,2
14,51,2
54,63,2
72,20,2
81,47,2
77,31,2
17,9,2
26,0,2
70,53,2
34,3,2
49,69,2
84,19,2
53,51,2
6,80,2
95,47,2
39,17,2
41,24,2
29,89,2
13,8,2
93,76,2
97,41,2
55,11,2
16,9,2
22,57,2
92,55,1
42,68,1
85,76,1
95,64,1
55,0,1
88,27,1
37,33,1
34,95,1
37,77,1
94,63,1
85,46,1
58,13,1
87,32,1
8,83,1
84,70,1
62,15,1
26,14,1
56,7,1
8,17,1
73,8,1
95,39,1
13,11,1
57,86,1
93,1,1
3,76,1
28,5,1
97,37,1
62,46,1
49,16,1
1,51,1
86,59,1
64,37,1
31,94,1
15,91,1
76,24,1
71,10,1
73,15,1
11,84,1
28,4,1
7,15,1
21,27,1
99,90,1
96,43,1
93,10,1
89,41,1
77,27,1
89,39,1
36,12,1
80,60,1
81,18,1
22,68,1
88,24,1
49,28,1
10,87,1
56,43,1
40,7,1
63,2,1
60,95,1
27,49,1
85,2,1
51,48,1
92,56,1
98,97,1
73,53,1
99,34,1
71,26,1
48,77,1
73,12,1
16,47,1
50,87,1
77,42,1
70,73,1
83,8,1
15,70,1
30,60,1
45,56,1
3,89,1
11,48,1
69,95,1
68,79,1
32,48,1
59,35,1
1,84,1
17,94,1
76,64,1
12,1,1
79,18,1
21,1,1
90,92,1
41,94,1
90,49,1
67,45,1
26,24,1
13,62,1
18,85,1
7,42,1
71,83,1
27,28,1
9,52,1
44,90,1
5,79,1
17,56,1
36,17,1
98,32,1
10,36,1
28,29,1
57,83,1
53,13,1
98,68,1
55,40,1
77,91,1
92,20,1
41,52,1
0,71,1
43,21,1
15,73,1
24,97,1
21,96,1
70,86,1
57,16,1
52,35,1
83,72,1
66,52,1
34,11,1
7,47,1
20,61,1
79,58,1
70,59,1
24,15,1
27,97,1
53,87,1
61,91,1
6,21,1
50,96,1
51,13,1
81,96,1
44,73,1
47,66,1
39,80,1
69,74,1
42,82,1
38,33,1
6,89,1
24,66,1
31,22,1
84,10,1
73,35,1
48,33,1
87,1,1
48,70,1
67,70,1
78,83,1
76,32,1
41,81,1
55,16,1
55,20,1
84,55,1
66,93,1
75,34,1
93,19,1
89,51,1
65,75,1
16,49,1
14,85,1
69,93,1
99,85,1
82,58,1
1,25,1
37,83,1
54,72,1
65,10,1
14,49,1
12,12,1
0,85,1
74,63,1
12,4,1
73,64,1
8,46,1
60,19,1
1,16,1
92,67,1
59,40,1
90,5,1
93,96,1
38,44,1
72,51,1
36,33,1
76,20,1
11,6,1
90,69,1
26,49,1
2,75,1
19,36,1
7,64,1
5,12,1
25,38,1
75,52,1
96,3,1
80,55,1
78,25,1
96,97,1
5,62,1
64,36,1
35,25,1
29,28,1
73,86,1
65,98,1
63,13,1
3,23,1
29,75,1
92,2,1
66,92,1
46,70,1
39,61,1
44,41,1
23,21,1
20,72,1
77,63,1
78,23,1
19,24,1
80,76,1
43,90,1
81,40,1
18,32,1
35,37,1
18,5,1
95,24,1
75,58,1
40,47,1
61,46,1
67,24,1
7,72,1
6,34,1
42,92,1
8,78,1
55,64,1
80,48,1
0,36,1
8,53,1
77,84,1
91,16,1
47,29,1
29,35,1
11,76,1
82,72,1
94,4,1
19,39,1
3,56,1
60,73,1
82,1,1
96,45,1
87,47,1
29,54,1
47,62,1
84,94,1
55,83,1
73,9,1
66,13,1
63,4,1
34,96,1
34,10,1
46,88,1
29,0,1
15,37,1
42,98,1
86,52,1
68,37,1
7,46,1
51,19,1
38,59,1
57,21,1
17,2,1
77,23,1
65,90,1
25,91,1
92,43,1
75,0,1
18,15,1
37,47,1
81,6,1
66,48,1
87,27,1
56,12,1
82,73,1
21,10,1
43,70,1
32,14,1
33,72,1
98,27,1
82,83,1
36,6,1
89,77,1
44,84,1
26,47,1
16,88,1
94,45,1
24,82,1
37,54,1
34,15,1
81,78,1
23,24,1
52,29,1
62,74,1
88,21,1
28,60,1
27,22,1
2,10,1
35,32,1
20,83,1
0,66,1
4,91,1
43,0,1
35,74,1
44,76,1
75,64,1
18,63,1
28,85,1
4,4,1
78,1,1
5,9,1
26,37,1
38,10,1
94,35,1
15,50,1
83,64,1
9,77,1
1,10,1
93,21,1
13,16,1
17,0,1
1,26,1
26,21,1
70,8,1
64,25,1
28,72,1
89,89,1
44,85,1
15,76,1
84,86,1
33,73,1
13,85,1
93,29,1
7,16,1
12,54,1
83,10,1
74,46,1
88,83,1
35,5,1
22,98,1
98,36,1
94,96,1
83,80,1
25,4,1
94,30,1
3,38,1
61,50,1
80,34,1
39,94,1
72,3,1
67,91,1
23,77,1
34,69,1
65,65,1
33,12,1
84,7,1
62,22,1
62,57,1
86,63,1
56,23,1
24,41,1
44,48,1
46,61,1
97,35,1
20,20,1
9,64,1
36,70,1
98,2,1
12,91,1
8,92,1
6,60,1
40,67,1
21,44,1
40,60,1
93,36,1
16,64,1
1,50,1
18,58,1
64,81,1
45,59,1
48,48,1
43,40,1
71,50,1
63,83,1
92,94,1
22,16,1
23,22,1
71,43,1
48,97,1
36,29,1
90,39,1
99,3,1
95,35,1
58,30,1
89,74,1
50,39,1
25,30,1
82,15,1
39,62,1
48,71,1
83,16,1
75,54,1
26,87,1
92,90,1
10,77,1
65,44,1
66,85,1
0,41,1
39,59,1
8,44,1
39,77,1
73,65,1
42,79,1
10,59,1
57,80,1
30,78,1
89,96,1
53,47,1
4,18,1
91,29,1
80,92,1
74,28,1
63,48,1
93,81,1
64,12,1
18,33,1
88,88,1
60,15,1
79,48,1
34,93,1
30,32,1
72,62,1
11,77,1
7,24,1
89,47,1
50,48,1
70,32,1
35,23,1
1,91,1
92,83,1
3,24,1
12,68,1
41,14,1
58,33,1
62,28,1
97,85,1
65,3,1
29,93,1
51,81,1
24,2,1
28,23,1
53,50,1
10,15,1
93,38,1
48,25,1
59,90,1
47,12,1
83,49,1
30,21,1
82,43,1
57,12,1
5,37,1
77,7,1
3,25,1
73,34,1
6,33,1
40,15,1
77,14,1
17,77,1
38,9,1
96,30,1
48,63,1
43,65,1
81,43,1
18,71,1
8,87,1
28,65,1
90,79,1
52,25,1
58,81,1
36,90,1
93,54,1
81,55,1
50,0,1
11,55,1
38,82,1
13,32,1
80,96,1
82,41,1
8,36,1
86,91,1
66,84,1
6,49,1
47,95,1
16,20,1
71,53,1
85,24,1
95,20,1
40,20,1
41,90,1
25,44,1
38,63,1
27,55,1
70,7,1
6,77,1
62,17,1
3,85,1
1,29,1
58,96,1
78,67,1
17,26,1
62,40,1
96,74,1
49,74,1
59,73,1
99,99,1
92,47,1
12,60,1
63,45,1
27,73,1
4,1,1
11,35,1
55,42,1
42,48,1
75,44,1
51,46,1
99,71,1
15,55,1
7,4,1
94,55,1
30,54,1
13,55,1
17,83,1
15,52,1
18,96,1
17,53,1
3,35,1
56,33,1
0,42,1
16,70,1
61,1,1
72,68,1
99,7,1
99,45,1
22,9,1
58,57,1
72,5,1
73,62,1
37,50,1
1,53,1
47,39,1
57,47,1
55,67,1
7,25,1
42,76,1
24,48,1
88,17,1
36,49,1
64,66,1
57,9,1
23,12,1
38,7,1
20,17,1
77,55,1
58,0,1
21,38,1
17,68,1
52,39,1
76,7,1
17,4,1
72,98,1
94,46,1
30,4,1
43,13,1
7,86,1
48,30,1
11,67,1
10,61,1
66,12,1
79,63,1
81,17,1
54,80,1
48,24,1
59,72,1
47,67,1
99,60,1
21,6,1
50,56,1
81,87,1
10,35,1
85,52,1
46,24,1
78,51,1
24,49,1
87,89,1
68,28,1
30,18,1
96,36,1
61,30,1
27,59,1
44,62,1
37,27,1
57,39,1
22,77,1
9,0,1
68,41,1
67,56,1
41,93,1
18,80,1
29,92,1
55,31,1
6,66,1
96,7,1
69,16,1
77,36,1
7,59,1
49,0,1
83,29,1
29,96,1
13,2,1
68,77,1
55,70,1
18,36,1
52,20,1
59,41,1
54,92,1
80,80,1
22,26,1
5,70,1
49,56,1
35,92,1
19,66,1
59,16,1
83,99,1
89,14,1
4,13,1
62,88,1
11,25,1
8,40,1
82,30,1
68,55,1
86,72,1
34,85,1
22,25,1
83,92,1
15,66,1
71,6,1
88,74,1
60,9,1
89,11,1
60,76,1
36,41,1
77,97,1
11,81,1
20,40,1
95,61,1
57,77,1
49,3,1
65,91,1
87,4,1
82,85,1
68,60,1
21,54,1
3,33,1
26,55,1
3,78,1
85,21,1
62,95,1
84,98,1
78,78,1
22,7,1
66,91,1
54,18,1
90,41,1
7,73,1
86,86,1
81,56,1
96,42,1
72,35,1
13,6,1
94,65,1
84,85,1
83,73,1
84,74,1
29,57,1
47,68,1
53,77,1
3,68,1
96,99,1
21,2,1
30,64,1
42,84,1
1,13,1
45,8,1
69,97,1
7,32,1
26,62,1
99,1,1
61,69,1
16,52,1
44,86,1
61,51,1
24,92,1
80,7,1
67,46,1
33,64,1
65,34,1
95,29,1
4,38,1
95,16,1
97,58,1
47,48,1
32,80,1
21,37,1
72,13,1
63,23,1
81,95,1
84,40,1
74,23,1
69,5,1
88,22,1
30,75,1
30,13,1
79,67,1
57,76,1
18,97,1
79,59,1
45,38,1
40,51,1
44,32,1
96,98,1
82,50,1
67,33,1
62,10,1
78,52,1
90,7,1
8,84,1
86,70,1
50,65,1
90,57,1
45,79,1
77,47,1
42,5,1
82,27,1
0,86,1
64,14,1
37,44,1
59,86,1
21,57,1
4,20,1
21,46,1
88,71,1
65,40,1
94,10,1
4,65,1
64,50,1
97,17,1
57,89,1
72,50,1
8,58,1
89,83,1
50,86,1
32,61,1
74,50,1
88,62,1
67,97,1
34,31,1
98,0,1
17,73,1
89,35,1
6,17,1
48,67,1
98,28,1
79,12,1
52,74,1
84,93,1
64,64,1
55,98,1
35,27,1
70,56,1
86,82,1
93,25,1
88,26,1
63,87,1
88,43,1
30,76,1
50,8,1
2,72,1
56,48,1
57,59,1
84,95,1
6,75,1
52,24,1
66,97,1
93,34,1
69,53,1
49,6,1
67,64,1
51,96,1
25,47,1
37,80,1
41,58,1
82,91,1
9,11,1
84,46,1
79,99,1
24,14,1
40,73,1
12,53,1
23,60,1
99,19,1
55,44,1
5,50,1
69,64,1
18,81,1
31,6,1
18,34,1
17,19,1
37,0,1
5,61,1
13,13,1
15,67,1
46,48,1
37,3,1
38,36,1
86,40,1
14,33,1
43,41,1
51,33,1
31,69,1
81,8,1
24,99,1
72,92,1
52,49,1
24,52,1
91,68,1
54,24,1
45,87,1
10,37,1
74,34,1
57,78,1
29,72,1
50,54,1
82,90,1
62,75,1
25,83,1
85,3,1
55,85,1
39,46,1
5,19,1
14,7,1
36,82,1
45,32,1
32,90,1
65,49,1
17,50,1
19,7,1
98,4,1
16,31,1
87,55,1
4,8,1
73,26,1
52,37,1
23,20,1
43,94,1
47,2,1
63,16,1
2,20,1
57,14,1
87,36,1
9,61,1
22,96,1
21,85,1
29,78,1
49,5,1
73,67,1
89,0,1
39,67,1
81,64,1
99,59,1
25,29,1
69,40,1
30,61,1
50,98,1
41,74,1
28,67,1
78,29,1
4,87,1
23,50,1
92,74,1
44,42,1
80,77,1
89,75,1
26,5,1
60,99,1
63,89,1
64,16,1
34,59,1
43,30,1
49,2,1
72,82,1
72,66,1
71,88,1
41,51,1
5,31,1
70,77,1
37,28,1
86,49,1
38,97,1
9,14,1
10,41,1
20,86,1
85,13,1
46,42,1
19,53,1
77,95,1
86,4,1
49,87,1
79,90,1
43,48,1
77,73,1
68,34,1
99,0,1
17,36,1
37,29,1
51,6,1
42,15,1
0,61,1
53,42,1
57,27,1
71,48,1
71,13,1
53,46,1
60,97,1
64,74,1
56,11,1
97,63,1
79,36,1
66,9,1
29,6,1
65,84,1
52,31,1
44,3,1
52,8,1
54,12,1
46,14,1
63,31,1
82,2,1
28,41,1
92,81,1
98,62,1
4,77,1
91,69,1
21,20,1
42,89,1
98,25,1
46,50,1
10,48,1
45,10,1
75,30,1
85,39,1
86,42,1
51,54,1
85,38,1
81,84,1
76,96,1
48,84,1
27,10,1
4,61,1
93,8,1
61,54,1
58,75,1
76,94,1
79,65,1
35,28,1
37,30,1
71,86,1
38,12,1
18,50,1
25,37,1
77,93,1
13,57,1
12,98,1
96,39,1
39,73,1
38,3,1
40,63,1
64,99,1
49,73,1
40,1,1
11,52,1
8,79,1
4,23,1
57,52,1
91,81,1
5,52,1
92,35,1
43,17,1
80,45,1
73,27,1
3,94,1
88,29,1
40,92,1
12,71,1
84,31,1
68,29,1
12,43,1
73,91,1
11,82,1
68,35,1
87,96,1
25,27,1
53,67,1
31,60,1
80,25,1
37,1,1
22,93,1
80,52,1
17,85,1
50,89,1
76,84,1
8,54,1
83,48,1
65,41,1
7,52,1
52,9,1
98,71,1
12,75,1
9,83,1
32,77,1
28,33,1
4,45,1
23,96,1
68,96,1
97,91,1
93,32,1
8,26,1
87,35,1
18,0,1
62,31,1
83,66,1
28,28,1
41,53,1
1,94,1
94,74,1
46,84,1
86,71,1
51,63,1
12,92,1
23,69,1
9,1,1
52,83,1
14,4,1
10,3,1
47,41,1
49,59,1
45,48,1
38,21,1
48,96,1
74,98,1
67,41,1
88,0,1
35,75,1
1,22,1
65,30,1
14,53,1
32,37,1
47,19,1
6,99,1
41,82,1
11,64,1
76,16,1
16,8,1
38,52,1
26,61,1
7,98,1
16,15,1
34,28,1
7,61,1
29,34,1
66,2,1
69,78,1
78,38,1
59,62,1
61,11,1
82,81,1
80,28,1
55,28,1
75,5,1
82,40,1
37,85,1
65,38,1
19,62,1
40,2,1
53,6,1
29,38,1
21,97,1
2,18,1
44,97,1
87,39,1
27,70,1
39,38,1
6,1,1
44,4,1
32,81,1
64,68,1
92,14,1
22,78,1
30,35,1
83,28,1
98,87,1
56,62,1
0,72,1
26,38,1
46,62,1
55,24,1
68,32,1
1,7,1
55,69,1
39,74,1
90,91,1
73,45,1
26,91,1
21,64,1
53,69,1
87,50,1
65,22,1
53,68,1
10,53,1
13,99,1
57,55,1
58,42,1
51,68,1
88,96,1
72,94,1
12,50,1
42,12,1
86,8,1
7,89,1
47,80,1
31,28,1
66,18,1
24,60,1
93,39,1
12,40,1
88,8,1
15,85,1
40,68,1
80,4,1
63,25,1
25,42,1
34,38,1
69,80,1
49,85,1
79,41,1
10,84,1
57,22,1
93,2,1
50,3,1
3,0,1
96,58,1
64,39,1
66,11,1
5,90,1
12,25,1
35,21,1
96,57,1
74,97,1
41,68,1
28,52,1
85,44,1
11,57,1
97,36,1
27,64,1
44,10,1
70,91,1
34,73,1
86,93,1
3,82,1
61,95,1
34,51,1
68,70,1
29,50,1
46,55,1
84,57,1
1,49,1
86,10,1
56,18,1
90,16,1
93,28,1
75,95,1
63,71,1
55,94,1
15,61,1
78,56,1
85,74,1
38,47,1
8,14,1
92,91,1
63,56,1
33,44,1
94,61,1
98,44,1
52,5,1
73,32,1
56,72,1
38,60,1
50,76,1
22,87,1
81,7,1
39,43,1
16,48,1
30,7,1
34,86,1
26,83,1
11,38,1
52,69,1
65,81,1
19,99,1
72,91,1
12,78,1
57,7,1
69,22,1
64,17,1
97,23,1
66,54,1
22,63,1
30,81,1
46,20,1
7,53,1
18,10,1
40,6,1
4,28,1
37,79,1
96,81,1
81,2,1
35,85,1
57,45,1
10,42,1
8,11,1
18,95,1
25,13,1
55,12,1
11,89,1
71,91,1
3,95,1
26,65,1
10,20,1
30,31,1
91,37,1
85,95,1
2,48,1
34,97,1
25,45,1
70,60,1
44,27,1
4,36,1
94,44,1
11,90,1
65,50,1
30,2,1
99,51,1
23,38,1
27,15,1
52,50,1
71,4,1
83,13,1
22,45,1
33,8,1
39,64,1
20,6,1
58,82,1
53,14,1
61,96,1
75,31,1
98,99,1
24,12,1
75,45,1
79,94,1
32,65,1
38,43,1
59,68,1
79,61,1
25,75,1
84,69,1
58,11,1
48,23,1
3,11,1
68,5,1
66,16,1
89,19,1
36,37,1
54,59,1
80,31,1
1,82,1
98,17,1
84,6,1
49,48,1
91,83,1
97,73,1
81,60,1
33,58,1
27,94,1
73,16,1
59,9,1
21,56,1
62,29,1
15,93,1
84,36,1
68,59,1
67,86,1
93,93,1
18,87,1
87,11,1
91,4,1
70,10,1
14,95,1
26,74,1
15,0,1
51,58,1
38,20,1
85,17,1
43,44,1
56,49,1
92,37,1
70,67,1
64,33,1
4,73,1
6,67,1
23,91,1
76,43,1
48,20,1
52,55,1
27,38,1
13,78,1
93,0,1
68,88,1
78,99,1
50,67,1
14,39,1
17,44,1
46,51,1
75,32,1
83,82,1
74,44,1
47,99,1
34,37,1
84,97,1
20,35,1
84,51,1
52,54,1
27,17,1
41,6,1
84,23,1
32,8,1
88,11,1
10,7,1
14,12,1
40,45,1
99,25,1
87,40,1
70,6,1
83,61,1
31,3,1
0,39,1
77,30,1
90,44,1
98,21,1
71,99,1
2,29,1
47,84,1
84,29,1
20,87,1
84,50,1
65,71,1
88,75,1
12,64,1
38,79,1
87,88,1
61,70,1
73,6,1
93,5,1
20,8,1
69,12,1
12,39,1
22,58,1
90,87,1
62,33,1
35,17,1
63,21,1
61,73,1
60,75,1
96,15,1
93,17,1
62,76,1
99,58,1
60,59,1
20,85,1
58,7,1
76,27,1
24,13,1
2,99,1
98,73,1
53,78,1
99,39,1
52,22,1
33,94,1
67,59,1
8,55,1
63,62,1
96,23,1
99,61,1
69,7,1
91,7,1
61,12,1
11,5,1
9,59,1
25,80,1
15,47,1
54,67,1
2,70,1
92,33,1
76,8,1
95,44,1
61,57,1
84,45,1
38,0,1
15,22,1
98,70,1
19,60,1
46,32,1
38,30,1
10,60,1
89,88,1
82,71,1
48,85,1
95,30,1
54,79,1
38,53,1
4,30,1
88,30,1
23,76,1
5,75,1
40,95,1
89,86,1
86,23,1
2,58,1
89,20,1
2,8,1
60,94,1
79,44,1
39,16,1
57,41,1
6,92,1
46,66,1
88,5,1
48,69,1
73,89,1
36,31,1
72,48,1
6,70,1
91,18,1
68,51,1
73,87,1
15,75,1
90,97,1
14,24,1
68,82,1
40,24,1
23,16,1
5,40,1
82,78,1
1,75,1
38,29,1
73,77,1
58,45,1
22,76,1
69,69,1
0,32,1
75,97,1
65,9,1
19,77,1
28,64,1
42,72,1
94,73,1
49,45,1
78,12,1
32,54,1
33,18,1
3,43,1
51,7,1
7,62,1
66,32,1
81,79,1
21,35,1
33,17,1
63,93,1
94,84,1
48,2,1
82,14,1
53,66,1
0,6,1
42,77,1
67,77,1
68,6,1
73,76,1
48,92,1
41,99,1
82,69,1
47,23,1
24,98,1
51,22,1
31,76,1
27,31,1
2,34,1
61,19,1
38,61,1
69,75,1
29,99,1
36,11,1
51,99,1
83,37,1
57,25,1
14,11,1
93,43,1
60,69,1
80,83,1
50,64,1
26,66,1
91,40,1
71,55,1
69,23,1
6,31,1
70,25,1
65,66,1
97,10,1
85,40,1
46,9,1
86,11,1
76,97,1
48,43,1
69,83,1
91,0,1
73,52,1
87,79,1
9,37,1
16,72,1
90,32,1
77,98,1
90,77,1
62,56,1
20,74,1
13,50,1
3,37,1
80,61,1
72,88,1
53,91,1
81,89,1
90,81,1
68,63,1
91,5,1
17,30,1
95,10,1
61,75,1
54,44,1
8,32,1
42,88,1
22,46,1
83,33,1
2,4,1
67,28,1
69,91,1
15,2,1
54,2,1
74,78,1
44,22,1
25,26,1
87,70,1
88,58,1
57,82,1
47,42,1
43,52,1
91,54,1
37,74,1
70,45,1
34,89,1
22,3,1
1,71,1
61,60,1
16,60,1
80,67,1
13,53,1
35,84,1
75,66,1
82,9,1
56,47,1
52,34,1
82,13,1
4,58,1
52,19,1
20,73,1
40,25,1
95,23,1
31,46,1
24,24,1
20,49,1
55,52,1
53,70,1
33,32,1
84,32,1
83,1,1
76,99,1
88,49,1
36,13,1
34,35,1
79,50,1
64,8,1
86,21,1
29,42,1
76,72,1
90,35,1
87,31,1
8,88,1
55,4,1
67,31,1
86,67,1
27,26,1
85,41,1
82,6,1
49,81,1
89,18,1
79,30,1
21,13,1
90,95,1
97,39,1
96,66,1
6,26,1
82,56,1
67,76,1
86,0,1
37,7,1
19,38,1
29,61,1
31,79,1
27,5,1
8,33,1
38,81,1
30,27,1
20,33,1
43,71,1
37,31,1
76,35,1
15,83,1
58,54,1
95,56,1
55,18,1
33,62,1
8,16,1
16,76,1
34,53,1
30,91,1
19,40,1
31,4,1
23,82,1
75,90,1
14,57,1
12,96,1
27,99,1
5,38,1
11,80,1
16,32,1
99,89,1
39,75,1
44,59,1
73,90,1
6,32,1
91,44,1
27,65,1
22,71,1
18,56,1
97,68,1
45,36,1
97,52,1
77,77,1
6,52,1
80,13,1
88,68,1
65,13,1
8,35,1
79,78,1
42,80,1
35,99,1
6,22,1
7,23,1
19,42,1
70,75,1
49,90,1
16,57,1
41,1,1
82,86,1
75,80,1
65,59,1
85,18,1
4,50,1
65,18,1
74,25,1
28,36,1
66,78,1
65,45,1
7,20,1
21,22,1
35,77,1
1,90,1
43,98,1
57,66,1
45,4,1
28,22,1
21,39,1
46,78,1
24,80,1
97,19,1
46,69,1
32,51,1
56,51,1
26,89,1
12,8,1
74,71,1
9,13,1
16,87,1
57,90,1
49,33,1
66,61,1
78,85,1
82,87,1
78,2,1
63,17,1
19,57,1
72,63,1
17,10,1
71,66,1
27,48,1
80,56,1
12,45,1
76,29,1
55,39,1
56,24,1
8,56,1
94,18,1
42,57,1
40,30,1
31,83,1
56,39,1
10,54,1
72,90,1
23,36,1
7,44,1
39,4,1
89,2,1
6,37,1
97,82,1
67,84,1
21,99,1
64,77,1
6,59,1
95,0,1
84,5,1
79,80,1
29,48,1
3,90,1
44,11,1
16,10,1
45,27,1
32,0,1
74,83,1
60,22,1
85,77,1
92,98,1
83,55,1
17,90,1
27,50,1
14,89,1
75,98,1
37,64,1
86,5,1
43,6,1
93,55,1
22,44,1
67,74,1
70,40,1
83,2,1
7,81,1
28,49,1
55,66,1
25,2,1
55,88,1
95,89,1
23,13,1
18,21,1
8,39,1
38,68,1
3,83,1
9,90,1
48,90,1
49,17,1
26,17,1
13,12,1
74,4,1
55,43,1
14,27,1
18,51,1
83,53,1
12,41,1
19,61,1
27,51,1
80,43,1
50,71,1
88,16,1
6,78,1
80,2,1
95,98,1
16,71,1
47,16,1
84,38,1
55,73,1
54,28,1
76,89,1
90,26,1
42,78,1
49,49,1
82,23,1
13,40,1
58,94,1
44,23,1
82,84,1
88,9,1
34,48,1
68,17,1
58,37,1
54,76,1
98,83,1
12,23,1
44,8,1
87,65,1
29,3,1
15,89,1
11,39,1
44,55,1
80,86,1
75,51,1
64,76,1
46,95,1
15,79,1
42,39,1
83,14,1
7,77,1
40,66,1
1,36,1
83,24,1
88,89,1
11,70,1
74,36,1
97,76,1
96,78,1
50,82,1
45,78,1
47,96,1
38,24,1
69,98,1
19,5,1
47,21,1
70,29,1
99,96,1
88,48,1
28,2,1
9,70,1
33,67,1
32,64,1
56,15,1
31,8,1
26,82,1
63,30,1
0,34,1
8,43,1
42,70,1
44,63,1
37,36,1
68,11,1
8,71,1
75,94,1
35,38,1
78,66,1
56,54,1
71,81,1
34,13,1
17,22,1
84,56,1
99,83,1
32,34,1
94,80,1
74,73,1
41,75,1
4,76,1
22,56,1
86,47,1
55,68,1
19,83,1
47,38,1
27,0,1
48,34,1
70,87,1
64,0,1
78,40,1
25,21,1
58,23,1
13,71,1
27,54,1
83,62,1
21,17,1
13,98,1
68,26,1
34,68,1
22,30,1
83,54,1
53,63,1
78,55,1
41,38,1
77,20,1
85,15,1
93,68,1
26,98,1
14,29,1
84,15,1
46,85,1
90,89,1
67,60,1
78,15,1
94,79,1
59,97,1
71,45,1
5,55,1
20,26,1
83,40,1
30,42,1
17,52,1
54,9,1
87,99,1
39,34,1
2,24,1
37,60,1
75,91,1
60,93,1
75,21,1
80,62,1
41,2,1
30,12,1
50,70,1
79,7,1
36,95,1
12,88,1
8,65,1
18,8,1
96,85,1
88,44,1
37,92,1
99,97,1
96,76,1
14,97,1
99,6,1
35,2,1
2,43,1
16,29,1
4,14,1
87,95,1
30,5,1
15,40,1
60,43,1
72,81,1
14,32,1
53,31,1
93,26,1
48,27,1
88,28,1
46,72,1
2,77,1
66,55,1
69,18,1
11,59,1
63,51,1
95,60,1
30,40,1
25,68,1
84,96,1
22,6,1
52,47,1
31,70,1
42,58,1
2,25,1
17,69,1
79,37,1
83,60,1
35,70,1
16,83,1
54,89,1
58,18,1
22,70,1
10,57,1
92,75,1
34,42,1
29,80,1
84,8,1
64,27,1
79,29,1
70,65,1
52,93,1
83,27,1
38,25,1
10,80,1
0,69,1
96,37,1
60,34,1
66,68,1
46,25,1
66,86,1
33,52,1
49,32,1
27,37,1
62,14,1
5,91,1
74,55,1
6,95,1
45,54,1
98,34,1
13,25,1
52,36,1
91,42,1
14,15,1
35,31,1
8,9,1
52,77,1
90,48,1
43,26,1
83,26,1
36,79,1
92,89,1
64,65,1
42,93,1
52,51,1
20,36,1
87,14,1
53,59,1
75,10,1
26,76,1
12,28,1
99,54,1
49,70,1
19,63,1
35,18,1
65,77,1
97,42,1
37,52,1
97,77,1
94,6,1
12,86,1
36,53,1
53,62,1
99,8,1
13,61,1
46,76,1
77,12,1
59,77,1
45,75,1
37,20,1
27,4,1
94,7,1
41,13,1
93,87,1
86,92,1
75,81,1
85,90,1
83,56,1
68,62,1
97,8,1
43,55,1
40,97,1
77,11,1
30,57,1
23,29,1
30,14,1
95,71,1
75,89,1
0,38,1
47,28,1
8,63,1
81,62,1
75,1,1
48,59,1
1,52,1
19,70,1
49,57,1
7,12,1
54,25,1
56,95,1
24,34,1
38,87,1
22,40,1
17,45,1
55,82,1
39,92,1
27,21,1
90,66,1
84,92,1
98,19,1
57,61,1
73,59,1
45,25,1
2,63,1
82,67,1
3,13,1
16,89,1
6,16,1
10,91,1
34,47,1
89,32,1
53,86,1
73,96,1
5,48,1
26,18,1
25,10,1
61,82,1
4,42,1
44,5,1
25,98,1
97,93,1
96,73,1
19,94,1
81,98,1
16,95,1
80,79,1
37,76,1
93,79,1
40,78,1
66,83,1
0,91,1
37,37,1
59,93,1
1,69,1
70,94,1
55,33,1
63,95,1
8,41,1
77,48,1
78,92,1
25,5,1
21,79,1
16,38,1
21,43,1
87,77,1
69,8,1
55,93,1
12,85,1
30,55,1
30,29,1
96,63,1
13,80,1
72,65,1
54,88,1
18,39,1
45,15,1
89,43,1
93,49,1
84,44,1
58,51,1
8,27,1
55,54,1
23,63,1
24,19,1
58,52,1
72,75,1
83,79,1
9,9,1
21,18,1
88,70,1
51,1,1
9,69,1
37,57,1
36,91,1
57,70,1
91,60,1
95,67,1
55,72,1
33,26,1
97,53,1
30,50,1
33,51,1
25,18,1
14,86,1
9,6,1
27,93,1
25,11,1
46,99,1
24,44,1
93,60,1
79,47,1
44,40,1
9,24,1
67,80,1
83,51,1
38,71,1
29,95,1
29,64,1
9,63,1
38,57,1
57,23,1
11,12,1
38,17,1
95,69,1
35,20,1
71,20,1
65,99,1
95,40,1
5,73,1
85,75,1
3,30,1
94,13,1
0,82,1
94,43,1
95,51,1
94,93,1
3,14,1
76,75,1
38,91,1
54,21,1
53,74,1
18,44,1
60,29,1
80,18,1
48,16,1
43,15,1
62,60,1
41,67,1
99,52,1
4,21,1
53,18,1
20,98,1
99,62,1
42,32,1
88,78,1
38,41,1
58,70,1
35,98,1
51,49,1
81,97,1
59,51,1
12,21,1
45,58,1
85,63,1
19,75,1
31,7,1
7,80,1
4,74,1
4,35,1
73,29,1
50,35,1
19,79,1
92,45,1
38,15,1
76,44,1
83,59,1
92,95,1
82,80,1
61,23,1
71,27,1
33,40,1
51,94,1
90,53,1
27,80,1
14,28,1
31,40,1
4,96,1
61,74,1
95,83,1
57,72,1
16,69,1
37,62,1
84,76,1
92,0,1
57,31,1
19,43,1
33,49,1
65,51,1
64,96,1
25,54,1
71,19,1
40,61,1
19,86,1
81,67,1
0,11,1
16,50,1
46,28,1
98,56,1
98,12,1
19,84,1
94,2,1
92,51,1
13,92,1
93,16,1
11,2,1
70,61,1
8,64,1
77,9,1
86,30,1
18,69,1
20,70,1
44,52,1
90,94,1
2,60,1
44,60,1
85,14,1
11,71,1
64,13,1
99,42,1
92,57,1
4,41,1
73,94,1
29,43,1
72,28,1
72,77,1
32,76,1
13,48,1
81,91,1
58,9,1
67,52,1
89,72,1
6,18,1
18,59,1
52,60,1
10,24,1
12,76,1
95,4,1
71,58,1
59,28,1
86,77,1
36,98,1
46,23,1
62,0,1
41,77,1
44,54,1
20,93,1
15,96,1
62,37,1
63,35,1
3,87,1
36,4,1
51,15,1
73,99,1
37,67,1
55,80,1
23,57,1
26,78,1
31,64,1
2,27,1
80,91,1
61,17,1
48,0,1
64,46,1
86,13,1
85,1,1
61,94,1
23,53,1
51,72,1
46,97,1
26,10,1
44,57,1
54,51,1
19,31,1
62,81,1
26,25,1
94,50,1
14,62,1
86,6,1
44,72,1
74,54,1
51,60,1
96,92,1
60,96,1
80,66,1
32,59,1
71,9,1
80,95,1
22,73,1
72,8,1
35,13,1
23,10,1
7,99,1
4,5,1
31,13,1
42,22,1
96,60,1
9,51,1
18,49,1
92,93,1
69,46,1
41,48,1
40,86,1
90,58,1
26,69,1
52,46,1
49,43,1
90,45,1
14,18,1
11,79,1
47,0,1
37,99,1
23,40,1
60,25,1
36,42,1
10,90,1
24,86,1
83,91,1
96,54,1
59,33,1
57,50,1
40,93,1
71,46,1
71,70,1
60,38,1
77,66,1
47,64,1
37,93,1
38,16,1
45,21,1
72,49,1
27,62,1
83,44,1
8,62,1
55,53,1
26,27,1
86,89,1
40,35,1
3,3,1
48,98,1
97,74,1
40,10,1
48,75,1
17,72,1
26,8,1
42,85,1
36,83,1
81,81,1
91,90,1
36,28,1
19,47,1
55,95,1
25,79,1
18,4,1
54,42,1
55,8,1
13,82,1
32,74,1
61,18,1
11,43,1
66,41,1
92,12,1
22,38,1
55,76,1
12,2,1
98,38,1
43,12,1
78,95,1
66,29,1
57,3,1
60,72,1
19,51,1
9,92,1
57,0,1
73,69,1
29,7,1
90,98,1
32,53,1
19,92,1
17,32,1
94,53,1
12,94,1
63,69,1
3,20,1
68,45,1
41,29,1
90,83,1
39,9,1
77,88,1
25,43,1
62,25,1
76,86,1
85,87,1
94,52,1
40,89,1
43,36,1
13,84,1
26,44,1
42,44,1
82,77,1
12,7,1
98,72,1
97,61,1
6,8,1
31,31,1
90,13,1
49,36,1
82,57,1
53,56,1
44,70,1
85,86,1
64,61,1
44,98,1
96,4,1
96,14,1
5,36,1
49,23,1
99,64,1
84,14,1
72,25,1
40,37,1
36,64,1
32,70,1
0,13,1
79,2,1
44,37,1
90,30,1
91,27,1
28,21,1
51,39,1
87,2,1
14,47,1
78,39,1
56,41,1
19,30,1
47,26,1
61,88,1
71,31,1
67,49,1
81,32,1
65,32,1
64,28,1
70,16,1
8,23,1
0,62,1
45,84,1
15,56,1
46,29,1
31,43,1
36,96,1
14,20,1
69,70,1
57,63,1
8,5,1
22,60,1
69,31,1
32,39,1
48,91,1
37,39,1
72,44,1
6,54,1
71,16,1
42,83,1
14,65,1
15,92,1
11,99,1
74,95,1
91,70,1
74,81,1
39,23,1
74,90,1
57,51,1
79,97,1
91,80,1
41,34,1
85,72,1
47,88,1
83,84,1
44,46,1
24,18,1
87,42,1
81,51,1
95,54,1
91,31,1
91,39,1
60,70,1
73,68,1
37,84,1
58,64,1
49,15,1
32,44,1
79,88,1
76,78,1
68,40,1
93,65,1
64,85,1
95,8,1
74,27,1
27,69,1
42,65,1
53,52,1
73,30,1
26,86,1
13,41,1
23,52,1
68,2,1
7,51,1
33,90,1
9,3,1
45,92,1
85,37,1
3,44,1
95,12,1
31,71,1
80,65,1
10,85,1
93,51,1
10,92,1
64,22,1
62,80,1
3,50,1
98,9,1
71,25,1
87,38,1
30,46,1
62,82,1
28,27,1
26,77,1
48,99,1
60,14,1
25,17,1
37,35,1
5,97,1
87,43,1
33,48,1
13,56,1
42,46,1
2,6,1
34,66,1
70,11,1
77,82,1
36,26,1
95,27,1
96,95,1
49,47,1
87,3,1
99,4,1
6,79,1
1,89,1
13,28,1
92,26,1
34,16,1
37,19,1
8,2,1
30,25,1
7,71,1
41,44,1
79,40,1
66,44,1
75,19,1
82,28,1
9,41,1
2,89,1
8,21,1
25,77,1
74,70,1
17,60,1
73,60,1
60,60,1
28,71,1
78,41,1
43,91,1
54,96,1
17,43,1
47,1,1
79,23,1
77,45,1
95,70,1
16,51,1
76,70,1
22,1,1
10,67,1
14,25,1
28,1,1
50,50,1
29,74,1
95,82,1
31,35,1
91,56,1
6,69,1
44,31,1
24,79,1
24,16,1
97,71,1
85,12,1
82,59,1
44,2,1
54,50,1
5,0,1
61,53,1
30,37,1
83,42,1
1,42,1
28,31,1
26,79,1
94,51,1
41,46,1
59,75,1
9,89,1
50,97,1
50,62,1
40,11,1
60,58,1
40,22,1
28,3,1
54,31,1
50,16,1
11,62,1
94,3,1
15,81,1
19,76,1
3,1,1
21,12,1
6,47,1
56,84,1
33,1,1
58,76,1
91,84,1
86,45,1
13,97,1
62,85,1
92,80,1
49,83,1
75,25,1
48,49,1
60,61,1
50,49,1
82,12,1
33,65,1
96,40,1
10,45,1
48,14,1
36,66,1
67,83,1
34,58,1
68,30,1
57,68,1
68,95,1
24,38,1
76,41,1
94,98,1
45,50,1
59,7,1
40,42,1
41,63,1
58,56,1
6,9,1
67,53,1
67,79,1
25,35,1
54,5,1
41,56,1
35,90,1
77,18,1
96,8,1
77,1,1
94,69,1
73,49,1
66,69,1
18,20,1
81,12,1
87,84,1
76,53,1
54,6,1
34,27,1
82,19,1
76,90,1
54,99,1
55,99,1
75,6,1
69,49,1
17,58,1
24,11,1
98,26,1
49,68,1
60,42,1
97,62,1
47,3,1
8,90,1
79,14,1
33,84,1
72,74,1
98,31,1
36,78,1
8,45,1
21,24,1
56,13,1
16,0,1
1,3,1
71,17,1
68,76,1
45,6,1
30,71,1
11,9,1
35,12,1
86,85,1
88,42,1
67,27,1
63,77,1
55,84,1
40,82,1
44,89,1
36,92,1
9,57,1
91,65,1
96,26,1
45,37,1
96,24,1
31,54,1
59,11,1
63,81,1
36,5,1
86,98,1
41,61,1
1,41,1
95,14,1
40,13,1
82,42,1
67,78,1
70,97,1
96,48,1
65,86,1
24,33,1
48,82,1
84,82,1
91,21,1
20,45,1
49,95,1
92,44,1
58,27,1
7,40,1
62,12,1
98,8,1
2,19,1
91,50,1
84,77,1
43,56,1
54,98,1
79,96,1
2,66,1
5,58,1
67,48,1
81,94,1
60,81,1
22,90,1
21,98,1
54,82,1
43,20,1
61,10,1
11,33,1
24,95,1
72,24,1
39,85,1
61,5,1
60,57,1
11,44,1
43,14,1
9,18,1
19,81,1
39,53,1
79,62,1
84,9,1
47,63,1
67,34,1
5,68,1
70,31,1
7,68,1
7,87,1
80,88,1
5,20,1
80,97,1
84,39,1
69,33,1
64,45,1
21,15,1
65,63,1
44,21,1
16,25,1
21,68,1
80,73,1
71,98,1
16,68,1
92,30,1
79,46,1
52,59,1
40,79,1
68,86,1
87,58,1
78,86,1
99,41,1
58,32,1
81,26,1
61,79,1
17,65,1
54,58,1
15,31,1
59,65,1
38,56,1
61,71,1
72,67,1
11,37,1
57,65,1
65,74,1
24,42,1
83,22,1
46,41,1
61,68,1
80,78,1
56,46,1
88,92,1
9,20,1
11,74,1
91,38,1
31,93,1
46,57,1
80,24,1
84,42,1
68,47,1
57,18,1
29,26,1
61,61,1
31,32,1
65,55,1
15,32,1
68,97,1
58,25,1
57,88,1
99,35,1
33,97,1
35,94,1
49,92,1
47,22,1
49,1,1
50,61,1
61,72,1
31,30,1
2,22,1
75,43,1
30,1,1
48,10,1
93,53,1
25,36,1
51,32,1
78,32,1
34,92,1
2,76,1
29,4,1
13,65,1
70,92,1
52,65,1
74,35,1
1,77,1
76,42,1
40,85,1
87,72,1
33,34,1
21,32,1
1,32,1
46,0,1
23,78,1
36,1,1
38,39,1
53,8,1
19,33,1
28,94,1
71,75,1
21,92,1
99,37,1
19,25,1
28,18,1
88,46,1
34,50,1
15,17,1
18,92,1
44,88,1
88,61,1
59,79,1
62,68,1
47,97,1
45,42,1
31,37,1
68,90,1
27,82,1
54,60,1
74,33,1
60,54,1
59,63,1
0,96,1
2,79,1
90,65,1
58,72,1
44,18,1
10,39,1
27,78,1
61,47,1
47,30,1
84,1,1
95,86,1
5,23,1
34,99,1
60,91,1
96,41,1
13,37,1
32,23,1
10,88,1
34,80,1
56,78,1
32,97,1
39,6,1
68,3,1
69,36,1
71,84,1
22,62,1
41,59,1
18,45,1
70,78,1
28,68,1
0,79,1
18,66,1
35,9,1
57,57,1
54,11,1
24,6,1
86,90,1
15,41,1
28,75,1
4,68,1
5,4,1
91,17,1
8,82,1
59,48,1
79,28,1
29,88,1
58,19,1
16,82,1
49,19,1
71,14,1
81,44,1
66,62,1
58,1,1
24,55,1
49,42,1
94,72,1
10,56,1
99,44,1
85,58,1
91,51,1
62,50,1
33,38,1
43,22,1
2,73,1
44,68,1
